$coord
   -0.82576285714286      0.00011692482857     -0.65272157142857      c
    1.66681714285714     -0.00004748147143     -0.15971057142857      c
   -2.57566285714286     -0.00090163827143      2.65566942857143      h
   -1.83453285714286      1.73980054872857     -1.01114257142857      h
   -1.83515285714286     -1.73896945127143     -1.01205657142857      h
    2.70236714285714     -1.74295945127143      0.08941442857143      h
    2.70192714285714      1.74296054872857      0.09054742857143      h
$redundant
     number_of_atoms             7
     degrees_of_freedom         15
     internal_coordinates       15
     frozen_coordinates          0
# definitions of redundant internals
   1 k  1.0000000000000 tors    5    1    2    6 val=  60.00486
        1.0000000000000 tors    5    1    2    7
        1.0000000000000 tors    4    1    2    6
        1.0000000000000 tors    4    1    2    7
        1.0000000000000 tors    3    1    2    6
        1.0000000000000 tors    3    1    2    7
   2 k  1.0000000000000 stre    1    5           val=   2.04265
   3 k  1.0000000000000 stre    1    4           val=   2.04269
   4 k  1.0000000000000 stre    1    3           val=   3.74267
   5 k  0.7570961378817 bend    4    5    1      val=   7.67549
        0.2239485813422 bend    3    5    1
        0.2240581727539 bend    3    4    1
       -0.3904189847153 bend    2    5    1
       -0.3901342144695 bend    2    4    1
       -0.1477116014935 bend    2    3    1
   6 k  0.0001268006711 bend    4    5    1      val=   0.02048
        0.1509131383581 bend    3    5    1
       -0.1506508655256 bend    3    4    1
        0.6907560211308 bend    2    5    1
       -0.6909309952480 bend    2    4    1
        0.0000662271200 bend    2    3    1
   7 k -0.2460204942378 bend    4    5    1      val=  60.75026
        0.5546784668301 bend    3    5    1
        0.5549731571172 bend    3    4    1
       -0.0276919848425 bend    2    5    1
       -0.0275294087741 bend    2    4    1
        0.5677022065814 bend    2    3    1
   8 k -0.0002986859196 bend    4    5    1      val=  -0.00948
        0.6913575835506 bend    3    5    1
       -0.6903285767623 bend    3    4    1
       -0.1506653473829 bend    2    5    1
        0.1508985031455 bend    2    4    1
       -0.0008083350266 bend    2    3    1
   9 k  0.2419765578936 bend    4    5    1      val=  10.42708
       -0.3628181097965 bend    3    5    1
       -0.3643695007963 bend    3    4    1
       -0.1261772335658 bend    2    5    1
       -0.1258233314558 bend    2    4    1
        0.8033013298347 bend    2    3    1
  10 k  1.0000000000000 stre    2    7           val=   2.04259
  11 k  1.0000000000000 stre    2    6           val=   2.04259
  12 k  0.8165085211783 bend    6    7    2      val=  -2.12213
       -0.4081047500382 bend    1    7    2
       -0.4083679074554 bend    1    6    2
  13 k  0.0001519978171 bend    6    7    2      val=   0.00672
       -0.7071826721331 bend    1    7    2
        0.7070308657558 bend    1    6    2
  14 k  1.0000000000000 outp    6    7    1    2 val=   2.47152
  15 k  1.0000000000000 stre    1    2           val=   2.54087
        15 non zero eigenvalues  of BmBt
           1           4.296512688    1    0
         1
           2           4.174411646    2    0
         2
           3           3.189649598    3    0
         3
           4           2.569227335    4    0
         4
           5           2.526471192    5    0
         5
           6           1.830113304    6    0
         6
           7           1.511133783    7    0
         7
           8           0.917427825    8    0
         8
           9           0.894684195    9    0
         9
          10           0.652747854   10    0
        10
          11           0.419792229   11    0
        11
          12           0.395595109   12    0
        12
          13           0.333180657   13    0
        13
          14           0.271743482   14    0
        14
          15           0.155626911   15    0
        15
$user-defined bonds
$end
