$coord
   -1.12155060000000      1.25830040000000     -0.00009056256500      c
   -2.84211960000000     -0.64998260000000     -0.00001308371500      c
   -0.66784960000000      2.23839040000000     -1.73338930426500      h
   -0.66841260000000      2.23874040000000      1.73319069573500      h
   -3.49314960000000     -1.49265960000000      1.74330069573500      h
   -3.49278960000000     -1.49326960000000     -1.74315930426500      h
    2.81692040000000     -0.42001060000000      0.00005683613500      c
    3.91894040000000      1.30127040000000     -0.00240736426500      h
    2.77423040000000     -1.49229960000000     -1.73596930426500      h
    2.77578040000000     -1.48847960000000      1.73848069573500      h
$redundant
     number_of_atoms            10
     degrees_of_freedom         24
     internal_coordinates       24
     frozen_coordinates          0
# definitions of redundant internals
   1 k  1.0000000000000 stre    1    3           val=   2.04224
   2 k  1.0000000000000 stre    1    4           val=   2.04227
   3 k  0.6919621950946 bend    4    3    1      val=  14.43671
       -0.4210204104387 bend    2    3    1
       -0.4209545069189 bend    2    4    1
        0.2886817933092 bend    7    3    1
        0.2887737174161 bend    7    4    1
   4 k  0.0000560015894 bend    4    3    1      val=   0.00554
        0.6982109614197 bend    2    3    1
       -0.6982373963624 bend    2    4    1
        0.1117384141738 bend    7    3    1
       -0.1117162268262 bend    7    4    1
   5 k -0.4919329019681 bend    4    3    1      val=  32.29016
        0.0177643496404 bend    2    3    1
        0.0177529990477 bend    2    4    1
        0.6154032077527 bend    7    3    1
        0.6153455701925 bend    7    4    1
   6 k -0.0000550468074 bend    4    3    1      val=   0.00825
        0.1117556373028 bend    2    3    1
       -0.1116990086549 bend    2    4    1
       -0.6982153292085 bend    7    3    1
        0.6982330270223 bend    7    4    1
   7 k  1.0000000000000 tors    6    2    1    7 val=   0.00848
        1.0000000000000 tors    5    2    1    7
   8 k  1.0000000000000 stre    2    6           val=   2.04281
   9 k  1.0000000000000 stre    2    5           val=   2.04281
  10 k  0.8165423019900 bend    5    6    2      val=  -2.07249
       -0.4082164441656 bend    1    6    2
       -0.4081886864841 bend    1    5    2
  11 k  0.0000189519243 bend    5    6    2      val=   0.00250
        0.7071016945997 bend    1    6    2
       -0.7071118674828 bend    1    5    2
  12 k  1.0000000000000 outp    6    1    5    2 val=   4.54959
  13 k  1.0000000000000 tors    9    7    1    2 val=  59.93375
        1.0000000000000 tors   10    7    1    2
        1.0000000000000 tors    8    7    1    2
  14 k  1.0000000000000 stre    7    9           val=   2.04093
  15 k  1.0000000000000 stre    7   10           val=   2.04094
  16 k  1.0000000000000 stre    7    8           val=   2.04384
  17 k -0.7953916220508 bend   10    9    7      val=   0.74596
        0.3914332755856 bend    8    9    7
        0.3940044570010 bend    8   10    7
       -0.0902787976959 bend    1    9    7
       -0.0896511808677 bend    1   10    7
        0.2066520037519 bend    1    8    7
  18 k -0.0015133325302 bend   10    9    7      val=   0.00336
        0.6894987524822 bend    8    9    7
       -0.6880691267501 bend    8   10    7
        0.1598073857276 bend    1    9    7
       -0.1600358852788 bend    1   10    7
        0.0004145520028 bend    1    8    7
  19 k -0.2832102820075 bend   10    9    7      val=  19.36326
       -0.3010367434250 bend    8    9    7
       -0.3009190161244 bend    8   10    7
        0.4997249347523 bend    1    9    7
        0.4997608643474 bend    1   10    7
        0.4890098455670 bend    1    8    7
  20 k  0.1961665137100 bend   10    9    7      val=  -0.44504
       -0.1003899692007 bend    8    9    7
       -0.1007739126933 bend    8   10    7
       -0.3944783436264 bend    1    9    7
       -0.3929580545016 bend    1   10    7
        0.7945161894608 bend    1    8    7
  21 k  0.0002033305110 bend   10    9    7      val=   0.00080
       -0.1600225220843 bend    8    9    7
        0.1598211362812 bend    8   10    7
        0.6883518895258 bend    1    9    7
       -0.6892175552970 bend    1   10    7
        0.0008905823405 bend    1    8    7
  22 k  1.0000000000000 stre    1    2           val=   2.56942
  23 k  1.0000000000000 stre    1    7           val=   4.28115
  24 k  1.0000000000000 bend    7    2    1      val= 108.95840
        24 non zero eigenvalues  of BmBt
           1           5.754934077    1    0
         1
           2           4.204998573    2    0
         2
           3           3.488276913    3    0
         3
           4           3.466493603    4    0
         4
           5           3.306875642    5    0
         5
           6           2.590834152    6    0
         6
           7           2.517013605    7    0
         7
           8           2.344476621    8    0
         8
           9           1.135727032    9    0
         9
          10           0.921758091   10    0
        10
          11           0.898526188   11    0
        11
          12           0.800375247   12    0
        12
          13           0.797754022   13    0
        13
          14           0.784065566   14    0
        14
          15           0.763214689   15    0
        15
          16           0.406000014   16    0
        16
          17           0.390699097   17    0
        17
          18           0.320259655   18    0
        18
          19           0.287920791   19    0
        19
          20           0.283126596   20    0
        20
          21           0.250291737   21    0
        21
          22           0.204010156   22    0
        22
          23           0.187318552   23    0
        23
          24           0.061884377   24    0
        24
$user-defined bonds
$end
