$coord
   -1.47941244285714     -0.17958988571429      0.00156998000000      c
    3.25520755714286     -0.40004918571429      0.00105219500000      o
    0.82787465714286     -0.41767318571429      0.00609021100000      h
   -2.07286244285714     -0.63542618571429      1.90956086100000      h
   -1.89360244285714      1.75788281428571     -0.52469813900000      h
   -2.12423244285714     -1.53656718571429     -1.39325913900000      h
    3.48702755714286      1.41142281428571     -0.00031596900000      h
$redundant
     number_of_atoms             7
     degrees_of_freedom         15
     internal_coordinates       15
     frozen_coordinates          0
# definitions of redundant internals
   1 k  1.0000000000000 stre    1    3           val=   2.31954
   2 k  1.0000000000000 stre    3    2           val=   2.42740
   3 k  1.0000000000000 linc    1    2    3    7 val=   6.30803
   4 k  1.0000000000000 linp    1    2    3    7 val=  -0.21154
   5 k  1.0000000000000 tors    4    1    2    7 val= 135.27783
        1.0000000000000 tors    5    1    2    7
        1.0000000000000 tors    6    1    2    7
   6 k  1.0000000000000 stre    1    4           val=   2.04949
   7 k  1.0000000000000 stre    1    5           val=   2.04995
   8 k  1.0000000000000 stre    1    6           val=   2.05006
   9 k -0.3035206489862 bend    5    4    1      val=   5.58804
       -0.4947303409684 bend    6    4    1
       -0.3043167760097 bend    6    5    1
        0.4222184146117 bend    3    4    1
        0.4633517986051 bend    3    5    1
        0.4213610403152 bend    3    6    1
  10 k -0.7547714362631 bend    5    4    1      val=  -0.28221
        0.1331604345793 bend    6    4    1
        0.5847295644133 bend    6    5    1
       -0.1512856752719 bend    3    4    1
       -0.0275646247494 bend    3    5    1
        0.2168698920664 bend    3    6    1
  11 k -0.3172574002335 bend    5    4    1      val=  -0.19141
        0.7048208542663 bend    6    4    1
       -0.5739036232138 bend    6    5    1
        0.1970115753398 bend    3    4    1
       -0.1310531938819 bend    3    5    1
        0.1312304698083 bend    3    6    1
  12 k -0.1538923117740 bend    5    4    1      val=   1.52134
        0.1939829647196 bend    6    4    1
       -0.0435057174742 bend    6    5    1
       -0.1832574613472 bend    3    4    1
        0.7616431453805 bend    3    5    1
       -0.5684289228021 bend    3    6    1
  13 k  0.1510742619424 bend    5    4    1      val=   0.15588
        0.0548984494950 bend    6    4    1
       -0.2062538846550 bend    6    5    1
       -0.7653960318273 bend    3    4    1
        0.2258171081232 bend    3    5    1
        0.5429526782586 bend    3    6    1
  14 k  1.0000000000000 stre    2    7           val=   1.82625
  15 k  1.0000000000000 bend    3    7    2      val=  97.70876
        15 non zero eigenvalues  of BmBt
           1           3.759384743    1    0
         1
           2           3.651055743    2    0
         2
           3           3.518003825    3    0
         3
           4           2.344225391    4    0
         4
           5           2.263235647    5    0
         5
           6           2.082328302    6    0
         6
           7           1.211290950    7    0
         7
           8           1.000490440    8    0
         8
           9           0.924162301    9    0
         9
          10           0.747178231   10    0
        10
          11           0.745700859   11    0
        11
          12           0.601265359   12    0
        12
          13           0.277620369   13    0
        13
          14           0.201016559   14    0
        14
          15           0.136101608   15    0
        15
$user-defined bonds
$end
