$coord
   -0.00051899416667      0.03636383216667      4.38895919100000      cl
    0.00040319263333      0.00038343916667     -0.00009899500000      c
    1.43804376263333     -1.41921496783333      0.01211999100000      h
   -1.94783623736667     -0.53480596783333      0.00412643100000      h
    0.51103576263333      1.95519503216667     -0.01636580900000      h
   -0.00112748636667     -0.03792136783333     -4.38874080900000      cl
$redundant
     number_of_atoms             6
     degrees_of_freedom         12
     internal_coordinates       12
     frozen_coordinates          0
# definitions of redundant internals
   1 k  1.0000000000000 stre    2    4           val=   2.02042
   2 k  1.0000000000000 stre    2    3           val=   2.02045
   3 k  1.0000000000000 stre    2    5           val=   2.02047
   4 k  1.0000000000000 stre    2    1           val=   4.38921
   5 k  1.0000000000000 stre    2    6           val=   4.38881
   6 k -0.0044063044871 bend    3    4    2      val=   0.00423
       -0.0042249368756 bend    5    4    2
        0.0087556750410 bend    5    3    2
        0.4067068184557 bend    1    4    2
        0.4089374869513 bend    1    3    2
        0.4090243494428 bend    1    5    2
       -0.4096252154197 bend    6    4    2
       -0.4075122600707 bend    6    3    2
       -0.4075362443742 bend    6    5    2
   7 k  0.7598820267623 bend    3    4    2      val=   0.01245
       -0.5774112791084 bend    5    4    2
       -0.1824704136421 bend    5    3    2
        0.0325460813326 bend    1    4    2
        0.1003774692742 bend    1    3    2
       -0.1295010656880 bend    1    5    2
        0.0303526138464 bend    6    4    2
        0.0983853293486 bend    6    3    2
       -0.1318093484797 bend    6    5    2
   8 k  0.2280017295422 bend    3    4    2      val=   0.01396
        0.5440980763057 bend    5    4    2
       -0.7720984647121 bend    5    3    2
        0.1371090005835 bend    1    4    2
       -0.0890675387892 bend    1    3    2
       -0.0348079147298 bend    1    5    2
        0.1282910938613 bend    6    4    2
       -0.0977289357848 bend    6    3    2
       -0.0433982763128 bend    6    5    2
   9 k  0.0000606326977 bend    3    4    2      val=  -0.01057
        0.0000203757077 bend    5    4    2
       -0.0000810191178 bend    5    3    2
       -0.5679650061013 bend    1    4    2
        0.3736926818184 bend    1    3    2
        0.1941656610983 bend    1    5    2
        0.5680465341662 bend    6    4    2
       -0.3737322912396 bend    6    3    2
       -0.1942074311169 bend    6    5    2
  10 k  0.0001078792035 bend    3    4    2      val=   0.00212
       -0.0001217187494 bend    5    4    2
        0.0000138483886 bend    5    3    2
        0.1036716475703 bend    1    4    2
        0.4400889266119 bend    1    3    2
       -0.5436720244330 bend    1    5    2
       -0.1036860641932 bend    6    4    2
       -0.4400739680023 bend    6    3    2
        0.5436715296448 bend    6    5    2
  11 k  0.0532427799182 bend    3    4    2      val=   0.01407
        0.1338107359710 bend    5    4    2
       -0.1870535039922 bend    5    3    2
       -0.5444339909816 bend    1    4    2
        0.3895377105679 bend    1    3    2
        0.1550201089475 bend    1    5    2
       -0.5444340860093 bend    6    4    2
        0.3894528301735 bend    6    3    2
        0.1549505287569 bend    6    5    2
  12 k  0.1854910827277 bend    3    4    2      val=   0.01280
       -0.1389136164596 bend    5    4    2
       -0.0465774631956 bend    5    3    2
       -0.1353696364726 bend    1    4    2
       -0.4037707799388 bend    1    3    2
        0.5392020083087 bend    1    5    2
       -0.1353702100235 bend    6    4    2
       -0.4037600034401 bend    6    3    2
        0.5391519119858 bend    6    5    2
        12 non zero eigenvalues  of BmBt
           1           4.271548327    1    0
         1
           2           3.616213926    2    0
         2
           3           3.615916341    3    0
         3
           4           1.000000000    4    0
         4
           5           1.000000000    5    0
         5
           6           0.842033007    6    0
         6
           7           0.842000508    7    0
         7
           8           0.688179338    8    0
         8
           9           0.567807164    9    0
         9
          10           0.567792348   10    0
        10
          11           0.112771269   11    0
        11
          12           0.112761630   12    0
        12
$user-defined bonds
$end
