$coord
   -0.04853221428571     -1.18090857142857      0.00000000000000      c
   -0.04853221428571      1.63675142857143      0.00000000000000      c
    1.87834168571429     -1.94402857142857      0.00000000000000      h
   -0.98970131428571     -1.93608857142857      1.66942000000000      h
   -0.98970131428571     -1.93608857142857     -1.66942000000000      h
    0.09906268571429      2.68018142857143     -1.74671000000000      h
    0.09906268571429      2.68018142857143      1.74671000000000      h
$redundant
     number_of_atoms             7
     degrees_of_freedom          9
     internal_coordinates        9
     frozen_coordinates          0
# definitions of redundant internals
   1 k  1.0000000000000 outp    6    1    7    2 val=  -8.29028
   2 k  1.0000000000000 stre    1    3           val=   2.07249
   3 k  1.0000000000000 stre    1    2           val=   2.81766
   4 k  0.4457662781702 bend    5    4    1      val=   1.76281
        0.4104019168613 bend    3    4    1
        0.4104019168613 bend    3    5    1
       -0.3908301687271 bend    2    4    1
       -0.3908301687271 bend    2    5    1
       -0.3986684298322 bend    2    3    1
   5 k  0.8167985669209 bend    7    6    2      val=  -1.41858
       -0.4079461368097 bend    1    6    2
       -0.4079461368097 bend    1    7    2
   6 k  1.0000000000000 stre    1    5           val=   2.05987
   7 k  1.0000000000000 stre    2    7           val=   2.03998
   8 k -0.6632862208523 bend    5    4    1      val=   0.34376
        0.3525982686233 bend    3    4    1
        0.3525982686233 bend    3    5    1
       -0.2360652188711 bend    2    4    1
       -0.2360652188711 bend    2    5    1
        0.4471540406099 bend    2    3    1
   9 k  0.4522368421601 bend    5    4    1      val=   0.70511
       -0.2309281831432 bend    3    4    1
       -0.2309281831432 bend    3    5    1
       -0.3330987813490 bend    2    4    1
       -0.3330987813490 bend    2    5    1
        0.6833129523001 bend    2    3    1
         9 non zero eigenvalues  of BmBt
           1           5.423290582    1    0
         1
           2           4.007824110    2    0
         2
           3           2.620298474    3    0
         3
           4           2.367972940    4    0
         4
           5           0.916172037    5    0
         5
           6           0.874157060    6    0
         6
           7           0.684696623    7    0
         7
           8           0.360813832    8    0
         8
           9           0.328106800    9    0
         9
$user-defined bonds
$end
