$coord
    1.63553571428571      0.00024873948571     -0.07317123228571      c
   -1.18011428571429      0.00055865508571     -0.03172010628571      c
   -1.95117428571429      1.68132740108571     -0.93991483228571      h
    2.68219571428571     -1.74596259891429      0.06077256771429      h
   -1.91837428571429     -0.02494699891429      1.90544916771429      h
   -1.95198428571429     -1.65652259891429     -0.98246783228571      h
    2.68391571428571      1.74529740108571      0.06105226771429      h
$redundant
     number_of_atoms             7
     degrees_of_freedom         15
     internal_coordinates       15
     frozen_coordinates          0
# definitions of redundant internals
   1 k  1.0000000000000 tors    3    2    1    4 val=  59.26782
        1.0000000000000 tors    3    2    1    7
        1.0000000000000 tors    6    2    1    4
        1.0000000000000 tors    6    2    1    7
        1.0000000000000 tors    5    2    1    4
        1.0000000000000 tors    5    2    1    7
   2 k  1.0000000000000 stre    2    3           val=   2.06018
   3 k  1.0000000000000 stre    2    6           val=   2.06049
   4 k  1.0000000000000 stre    2    5           val=   2.07323
   5 k  0.4462079733698 bend    6    3    2      val=   1.81691
        0.4115515696258 bend    5    3    2
        0.4102823950958 bend    5    6    2
       -0.3901845401641 bend    1    3    2
       -0.3905019862880 bend    1    6    2
       -0.3980657353205 bend    1    5    2
   6 k -0.6621088698813 bend    6    3    2      val=   0.34399
        0.3517416042924 bend    5    3    2
        0.3521373076965 bend    5    6    2
       -0.2372370005751 bend    1    3    2
       -0.2365787339076 bend    1    6    2
        0.4490413265874 bend    1    5    2
   7 k  0.0009052763052 bend    6    3    2      val=   0.01612
       -0.5808458639557 bend    5    3    2
        0.5812784789790 bend    5    6    2
       -0.4031476888055 bend    1    3    2
        0.4027461136073 bend    1    6    2
       -0.0003188435738 bend    1    5    2
   8 k  0.0043172212182 bend    6    3    2      val=   0.02661
        0.4005674342731 bend    5    3    2
       -0.4052932474694 bend    5    6    2
       -0.5839501328419 bend    1    3    2
        0.5781215238938 bend    1    6    2
        0.0064978243398 bend    1    5    2
   9 k  0.4539989327295 bend    6    3    2      val=   0.72457
       -0.2355263019752 bend    5    3    2
       -0.2281934309222 bend    5    6    2
       -0.3268374387706 bend    1    3    2
       -0.3379742362395 bend    1    6    2
        0.6821222709298 bend    1    5    2
  10 k  1.0000000000000 stre    1    7           val=   2.04017
  11 k  1.0000000000000 stre    1    4           val=   2.04027
  12 k  0.8167976486201 bend    4    7    1      val=  -1.51929
       -0.4082611221492 bend    2    7    1
       -0.4076327481326 bend    2    4    1
  13 k  0.0003655647442 bend    4    7    1      val=   0.02244
        0.7069280912583 bend    2    7    1
       -0.7072853314980 bend    2    4    1
  14 k  1.0000000000000 outp    7    2    4    1 val=   8.39363
  15 k  1.0000000000000 stre    1    2           val=   2.81596
        15 non zero eigenvalues  of BmBt
           1           4.013354370    1    0
         1
           2           3.850132975    2    0
         2
           3           3.558102708    3    0
         3
           4           2.671532454    4    0
         4
           5           2.405616984    5    0
         5
           6           2.045995550    6    0
         6
           7           1.509433549    7    0
         7
           8           0.915233928    8    0
         8
           9           0.873836534    9    0
         9
          10           0.691865177   10    0
        10
          11           0.683569027   11    0
        11
          12           0.565907426   12    0
        12
          13           0.349062943   13    0
        13
          14           0.324846378   14    0
        14
          15           0.260106435   15    0
        15
$user-defined bonds
$end
