$coord
   -3.69558992307692     -1.01958446153846      0.00001521455385      c
   -2.13743992307692      1.34771553846154      0.00009458305385      c
    0.38861907692308      1.52502553846154      0.00005111935385      c
    2.18749007692308     -0.57008146153846     -0.00008116154615      c
    4.69332007692308     -0.23848946153846     -0.00006604374615      c
   -4.92286992307692     -1.07499446153846      1.65754198645385      h
   -4.92294992307692     -1.07482446153846     -1.65745801354615      h
   -2.55361992307692     -2.72753446153846     -0.00010194854615      h
   -3.20053992307692      3.09975553846154      0.00019662845385      h
    1.22033007692308      3.39843553846154      0.00012292945385      h
    1.44616007692308     -2.47650446153846     -0.00019643454615      h
    5.98043007692308     -1.82356446153846     -0.00016430954615      h
    5.51666007692308      1.63464553846154      0.00004545015385      h
$redundant
     number_of_atoms            13
     degrees_of_freedom         33
     internal_coordinates       33
     frozen_coordinates          0
# definitions of redundant internals
   1 k  1.0000000000000 tors    8    1    2    3 val= 119.99967
        1.0000000000000 tors    6    1    2    3
        1.0000000000000 tors    7    1    2    3
   2 k  1.0000000000000 stre    1    8           val=   2.05455
   3 k  1.0000000000000 stre    1    6           val=   2.06317
   4 k  1.0000000000000 stre    1    7           val=   2.06317
   5 k  0.4377614731438 bend    6    8    1      val=   1.55174
        0.4377578559193 bend    7    8    1
        0.3849955772341 bend    7    6    1
       -0.3889209042746 bend    2    8    1
       -0.3982785006107 bend    2    6    1
       -0.3982789523583 bend    2    7    1
   6 k -0.3109753910405 bend    6    8    1      val=   1.18002
       -0.3109749327706 bend    7    8    1
        0.6911863689931 bend    7    6    1
       -0.4769467239444 bend    2    8    1
        0.2251355938190 bend    2    6    1
        0.2251357092689 bend    2    7    1
   7 k -0.6594556694410 bend    6    8    1      val=   0.00010
        0.6594587669658 bend    7    8    1
        0.0000012510490 bend    7    6    1
       -0.0000002033393 bend    2    8    1
       -0.2551794496301 bend    2    6    1
        0.2551779833742 bend    2    7    1
   8 k  0.2265249476582 bend    6    8    1      val=  -0.43183
        0.2265230325371 bend    7    8    1
       -0.4753618786948 bend    7    6    1
       -0.6613069059811 bend    2    8    1
        0.3421066647908 bend    2    6    1
        0.3421126336600 bend    2    7    1
   9 k  0.2551775771173 bend    6    8    1      val=   0.00001
       -0.2551798558837 bend    7    8    1
        0.0000020344493 bend    7    6    1
        0.0000033098064 bend    2    8    1
       -0.6594583184595 bend    2    6    1
        0.6594561179390 bend    2    7    1
  10 k  1.0000000000000 stre    2    9           val=   2.04935
  11 k  0.7071067811866 bend    3    9    2      val=   0.91730
       -0.7071067811865 bend    1    9    2
  12 k  1.0000000000000 outp    9    1    3    2 val=  -0.00006
  13 k  1.0000000000000 stre    3   10           val=   2.04973
  14 k  0.7071067811866 bend    2   10    3      val=   1.27146
       -0.7071067811865 bend    4   10    3
  15 k  1.0000000000000 outp   10    4    2    3 val=  -0.00009
  16 k  1.0000000000000 stre    4   11           val=   2.04549
  17 k  0.7071067811865 bend    5   11    4      val=   0.34284
       -0.7071067811865 bend    3   11    4
  18 k  1.0000000000000 outp   11    3    5    4 val=   0.00000
  19 k  1.0000000000000 tors   12    5    4    3 val=  89.99994
        1.0000000000000 tors   13    5    4    3
  20 k  1.0000000000000 stre    5   12           val=   2.04184
  21 k  1.0000000000000 stre    5   13           val=   2.04610
  22 k  0.8164601054717 bend   13   12    5      val=  -2.10503
       -0.4149137739900 bend    4   12    5
       -0.4015463314817 bend    4   13    5
  23 k  0.0077176965305 bend   13   12    5      val=   0.11299
        0.7032163442498 bend    4   12    5
       -0.7109340407803 bend    4   13    5
  24 k  1.0000000000000 outp   12    4   13    5 val=   0.00000
  25 k  1.0000000000000 tors    1    2    3    4 val=  -0.00008
  26 k  1.0000000000000 stre    2    1           val=   2.83407
  27 k  1.0000000000000 bend    3    1    2      val= 127.36794
  28 k  1.0000000000000 tors    5    4    3    2 val= 180.00138
  29 k  1.0000000000000 stre    4    5           val=   2.52767
  30 k  1.0000000000000 bend    3    5    4      val= 123.11153
  31 k  1.0000000000000 stre    3    2           val=   2.53227
  32 k  1.0000000000000 stre    3    4           val=   2.76141
  33 k  1.0000000000000 bend    4    2    3      val= 126.63444
        33 non zero eigenvalues  of BmBt
           1           9.900411746    1    0
         1
           2           4.990402065    2    0
         2
           3           4.381869218    3    0
         3
           4           4.195998130    4    0
         4
           5           3.800521577    5    0
         5
           6           3.670916701    6    0
         6
           7           3.102917957    7    0
         7
           8           2.976243618    8    0
         8
           9           2.970926830    9    0
         9
          10           2.375923356   10    0
        10
          11           2.270848009   11    0
        11
          12           1.830277690   12    0
        12
          13           1.757427314   13    0
        13
          14           1.468493703   14    0
        14
          15           0.901091454   15    0
        15
          16           0.880220794   16    0
        16
          17           0.787320478   17    0
        17
          18           0.691572476   18    0
        18
          19           0.689693194   19    0
        19
          20           0.637914925   20    0
        20
          21           0.512268865   21    0
        21
          22           0.433062657   22    0
        22
          23           0.377299325   23    0
        23
          24           0.335781540   24    0
        24
          25           0.306552848   25    0
        25
          26           0.294020867   26    0
        26
          27           0.264548416   27    0
        27
          28           0.254855406   28    0
        28
          29           0.186350196   29    0
        29
          30           0.089724785   30    0
        30
          31           0.066427204   31    0
        31
          32           0.042523030   32    0
        32
          33           0.015839994   33    0
        33
$user-defined bonds
$end
