$coord
   -1.44204000000000      0.00000062500000     -0.00000175000000      c
    1.44204000000000      0.00000062500000     -0.00000175000000      c
    2.18889000000000     -0.83836137500000     -1.72739175000000      h
   -2.18889000000000     -1.91490937500000     -0.14105075000000      h
    2.18889000000000     -1.07678937500000      1.58973825000000      h
    2.18889000000000      1.91515062500000      0.13766125000000      h
   -2.18889000000000      0.83529762500000      1.72887825000000      h
   -2.18889000000000      1.07961062500000     -1.58783175000000      h
$redundant
     number_of_atoms             8
     degrees_of_freedom         18
     internal_coordinates       18
     frozen_coordinates          0
# definitions of redundant internals
   1 k  1.0000000000000 stre    2    3           val=   2.06022
   2 k  1.0000000000000 stre    2    5           val=   2.06023
   3 k  1.0000000000000 stre    2    6           val=   2.06023
   4 k  0.4206106192867 bend    5    3    2      val=   1.55647
        0.4206199618321 bend    6    3    2
        0.4206105647522 bend    6    5    2
       -0.3954972624662 bend    1    3    2
       -0.3954978799669 bend    1    5    2
       -0.3954941842730 bend    1    6    2
   5 k  0.6774794079699 bend    5    3    2      val=   0.00005
       -0.4270536488976 bend    6    3    2
       -0.2504177696113 bend    6    5    2
        0.1623550658281 bend    1    3    2
        0.2768687434611 bend    1    5    2
       -0.4392292168073 bend    1    6    2
   6 k -0.1019757062737 bend    5    3    2      val=   0.00009
       -0.5357197896183 bend    6    3    2
        0.6377035636202 bend    6    5    2
       -0.4134431891643 bend    1    3    2
        0.3473222265755 bend    1    5    2
        0.0661167720600 bend    1    6    2
   7 k  0.3309301424463 bend    5    3    2      val=   0.00000
        0.0911148584501 bend    6    3    2
       -0.4220478442826 bend    6    5    2
       -0.6509712770234 bend    1    3    2
        0.1405389786688 bend    1    5    2
        0.5104352382935 bend    1    6    2
   8 k -0.2962723636733 bend    5    3    2      val=   0.00016
        0.4347279276562 bend    6    3    2
       -0.1384574181589 bend    6    5    2
       -0.2135588685662 bend    1    3    2
        0.6705418694602 bend    1    5    2
       -0.4569792881012 bend    1    6    2
   9 k  1.0000000000000 tors    7    1    2    3 val=  59.89846
        1.0000000000000 tors    7    1    2    5
        1.0000000000000 tors    7    1    2    6
        1.0000000000000 tors    8    1    2    3
        1.0000000000000 tors    8    1    2    5
        1.0000000000000 tors    8    1    2    6
        1.0000000000000 tors    4    1    2    3
        1.0000000000000 tors    4    1    2    5
        1.0000000000000 tors    4    1    2    6
  10 k  1.0000000000000 stre    1    7           val=   2.06023
  11 k  1.0000000000000 stre    1    8           val=   2.06023
  12 k  1.0000000000000 stre    1    4           val=   2.06023
  13 k  0.4206114701790 bend    8    7    1      val=   1.55644
        0.4206114829564 bend    4    7    1
        0.4206172510369 bend    4    8    1
       -0.3955001362824 bend    2    7    1
       -0.3954959707645 bend    2    8    1
       -0.3954942211952 bend    2    4    1
  14 k  0.6444334480128 bend    8    7    1      val=   0.00000
       -0.5236127473476 bend    4    7    1
       -0.1208184394188 bend    4    8    1
        0.0783292937438 bend    2    7    1
        0.3394731715844 bend    2    8    1
       -0.4178045166222 bend    2    4    1
  15 k  0.2325564400515 bend    8    7    1      val=   0.00004
        0.4418203474253 bend    4    7    1
       -0.6743683283501 bend    4    8    1
        0.4372134205815 bend    2    7    1
       -0.2864463479463 bend    2    8    1
       -0.1507731909905 bend    2    4    1
  16 k  0.1284167165464 bend    8    7    1      val=   0.00008
       -0.4324495460229 bend    4    7    1
        0.3040331037782 bend    4    8    1
        0.4689469670359 bend    2    7    1
       -0.6670201636797 bend    2    8    1
        0.1980738554570 bend    2    4    1
  17 k -0.4252064347897 bend    8    7    1      val=   0.00012
        0.1013918353237 bend    4    7    1
        0.3238168610725 bend    4    8    1
        0.4994620417602 bend    2    7    1
        0.1563890285461 bend    2    8    1
       -0.6558520905048 bend    2    4    1
  18 k  1.0000000000000 stre    1    2           val=   2.88408
        18 non zero eigenvalues  of BmBt
           1           4.019783880    1    0
         1
           2           3.625263548    2    0
         2
           3           3.625256783    3    0
         3
           4           2.786970581    4    0
         4
           5           2.786965414    5    0
         5
           6           2.349987957    6    0
         6
           7           1.627448785    7    0
         7
           8           0.910413639    8    0
         8
           9           0.854588923    9    0
         9
          10           0.700476914   10    0
        10
          11           0.700475345   11    0
        11
          12           0.688275705   12    0
        12
          13           0.688274094   13    0
        13
          14           0.506013401   14    0
        14
          15           0.506012427   15    0
        15
          16           0.274379361   16    0
        16
          17           0.244714309   17    0
        17
          18           0.244713451   18    0
        18
$user-defined bonds
$end
