$coord
    1.56134800000000      0.00062933638000     -0.79887520000000      p
    1.61649300000000      1.95570304038000      1.02171480000000      h
    1.64682500000000     -1.93661695962000      1.03958480000000      h
   -1.24271300000000     -0.02023325962000     -0.87328720000000      h
   -3.58195300000000      0.00051784248000     -0.38913720000000      h
$redundant
     number_of_atoms             5
     degrees_of_freedom          9
     internal_coordinates        9
     frozen_coordinates          0
# definitions of redundant internals
   1 k  1.0000000000000 stre    5    4           val=   2.38891
   2 k  1.0000000000000 linc    5    1    4    2 val=  10.30237
   3 k  1.0000000000000 linp    5    1    4    2 val=   8.31262
   4 k  1.0000000000000 stre    1    2           val=   2.67206
   5 k  1.0000000000000 stre    1    3           val=   2.67211
   6 k  1.0000000000000 stre    1    4           val=   2.80513
   7 k  0.6070390752942 bend    3    2    1      val=  92.88253
        0.5616373715457 bend    4    2    1
        0.5621983848689 bend    4    3    1
   8 k -0.7946698381316 bend    3    2    1      val=   3.11662
        0.4306697813110 bend    4    2    1
        0.4278123278138 bend    4    3    1
   9 k  0.0018464641567 bend    3    2    1      val=   0.01792
        0.7064608993772 bend    4    2    1
       -0.7077496649390 bend    4    3    1
         9 non zero eigenvalues  of BmBt
           1           3.054942353    1    0
         1
           2           2.351738119    2    0
         2
           3           2.311212260    3    0
         3
           4           1.176199283    4    0
         4
           5           0.940064338    5    0
         5
           6           0.815442006    6    0
         6
           7           0.382167784    7    0
         7
           8           0.186661370    8    0
         8
           9           0.151343110    9    0
         9
$user-defined bonds
$end
