$coord
    5.50499183333333     -0.00028467333333     -0.00007838691667      cl
    2.14442083333333      0.01080424666667      0.00023152818333      f
   -1.75565816666667     -0.00200432333333     -0.00014074781667      c
   -1.95911816666667     -1.61434708333333     -1.22720279781667      h
   -1.96332816666667     -0.26000108333333      2.00903720218333      h
   -1.97130816666667      1.86583291666667     -0.78184679781667      h
$redundant
     number_of_atoms             6
     degrees_of_freedom         12
     internal_coordinates       12
     frozen_coordinates          0
# definitions of redundant internals
   1 k  1.0000000000000 stre    1    2           val=   3.36059
   2 k  1.0000000000000 linc    1    3    2    5 val=   0.03975
   3 k  1.0000000000000 linp    1    3    2    5 val=  -0.37527
   4 k  1.0000000000000 stre    3    6           val=   2.03627
   5 k  1.0000000000000 stre    3    5           val=   2.03629
   6 k  1.0000000000000 stre    3    4           val=   2.03635
   7 k  1.0000000000000 stre    3    2           val=   3.90010
   8 k  0.7337760417991 bend    5    6    3      val=   0.00557
       -0.6242725304848 bend    4    6    3
       -0.1095567488254 bend    4    5    3
        0.0278147542446 bend    2    6    3
        0.1575411539247 bend    2    5    3
       -0.1850971939736 bend    2    4    3
   9 k -0.2971595566595 bend    5    6    3      val=   0.01641
       -0.4869485179321 bend    4    6    3
        0.7839676129490 bend    4    5    3
       -0.1978029810186 bend    2    6    3
        0.1231495300531 bend    2    5    3
        0.0753677289334 bend    2    4    3
  10 k -0.1906949231714 bend    5    6    3      val=  40.19430
       -0.1904268327463 bend    4    6    3
       -0.1909747146772 bend    4    5    3
        0.5451587088091 bend    2    6    3
        0.5447733100396 bend    2    5    3
        0.5449089363178 bend    2    4    3
  11 k  0.1203641547069 bend    5    6    3      val=   0.00048
        0.0780812759050 bend    4    6    3
       -0.1985079512587 bend    4    5    3
       -0.7856279972527 bend    2    6    3
        0.3093531297240 bend    2    5    3
        0.4765497549727 bend    2    4    3
  12 k -0.1595182479777 bend    5    6    3      val=  -0.00039
        0.1838420738692 bend    4    6    3
       -0.0243356039908 bend    4    5    3
       -0.0965117688966 bend    2    6    3
        0.7288225432723 bend    2    5    3
       -0.6321921999665 bend    2    4    3
        12 non zero eigenvalues  of BmBt
           1           3.575479165    1    0
         1
           2           3.574510209    2    0
         2
           3           3.220818908    3    0
         3
           4           1.584482856    4    0
         4
           5           0.973640625    5    0
         5
           6           0.821627298    6    0
         6
           7           0.821378017    7    0
         7
           8           0.574858494    8    0
         8
           9           0.570718504    9    0
         9
          10           0.326878470   10    0
        10
          11           0.196184788   11    0
        11
          12           0.194865918   12    0
        12
$user-defined bonds
$end
