$coord
    0.00164481400000     -0.95546550000000      0.00000000000000      c
   -1.99437320700000     -1.41362550000000      0.00000000000000      h
    0.98407079300000     -1.45643550000000      1.72428000000000      h
    0.98407079300000     -1.45643550000000     -1.72428000000000      h
    0.02294199300000      1.50568750000000      0.00000000000000      h
    0.00164481400000      3.77627450000000      0.00000000000000      o
$redundant
     number_of_atoms             6
     degrees_of_freedom          8
     internal_coordinates        8
     frozen_coordinates          0
# definitions of redundant internals
   1 k  1.0000000000000 stre    1    5           val=   2.46125
   2 k  1.0000000000000 stre    1    2           val=   2.04793
   3 k  1.0000000000000 stre    6    5           val=   2.27069
   4 k -0.7151513122679 bend    4    3    1      val=   0.31666
        0.3491540486552 bend    2    3    1
        0.3491540486552 bend    2    4    1
       -0.1918378747343 bend    5    3    1
       -0.1918378747343 bend    5    4    1
        0.4136882410847 bend    5    2    1
   5 k  1.0000000000000 stre    1    4           val=   2.04677
   6 k -0.3379829026043 bend    4    3    1      val=   9.37493
       -0.3556925195727 bend    2    3    1
       -0.3556925195727 bend    2    4    1
        0.4650439735054 bend    5    3    1
        0.4650439735054 bend    5    4    1
        0.4474387399409 bend    5    2    1
   7 k  0.4022473902191 bend    4    3    1      val=   0.09334
       -0.2035032728515 bend    2    3    1
       -0.2035032728515 bend    2    4    1
       -0.3521427850983 bend    5    3    1
       -0.3521427850983 bend    5    4    1
        0.7122926299954 bend    5    2    1
   8 k  1.0000000000000 linc    6    1    5    2 val=   0.00000
         8 non zero eigenvalues  of BmBt
           1           3.680390983    1    0
         1
           2           3.425158196    2    0
         2
           3           1.887620050    3    0
         3
           4           1.141052866    4    0
         4
           5           0.920790351    5    0
         5
           6           0.763493048    6    0
         6
           7           0.380022592    7    0
         7
           8           0.258338947    8    0
         8
$user-defined bonds
$end
