$coord
   -1.74972833333333     -0.37040225000000     -0.41030245000000      n
    2.65334166666667     -0.46255275000000     -0.23593975000000      o
   -2.03765833333333     -1.32227275000000      1.23211555000000      h
   -2.10517833333333      1.48103725000000     -0.04291545000000      h
    0.36701166666667     -0.57808675000000     -0.88391545000000      h
    2.87221166666667      1.25227725000000      0.34095755000000      h
$redundant
     number_of_atoms             6
     degrees_of_freedom         12
     internal_coordinates       12
     frozen_coordinates          0
# definitions of redundant internals
   1 k  1.0000000000000 tors    3    1    5    2 val=   8.44260
        1.0000000000000 tors    4    1    5    2
   2 k  1.0000000000000 stre    1    3           val=   1.92003
   3 k  1.0000000000000 stre    1    4           val=   1.92072
   4 k  0.8640495624763 bend    4    3    1      val=   9.97077
       -0.3605633675127 bend    5    3    1
       -0.3513010270302 bend    5    4    1
   5 k  0.5020674064958 bend    4    3    1      val= 107.11140
        0.6680972614023 bend    5    3    1
        0.5491578722383 bend    5    4    1
   6 k  0.0366970423763 bend    4    3    1      val=  11.52974
       -0.6508764147783 bend    5    3    1
        0.7582962612107 bend    5    4    1
   7 k  1.0000000000000 tors    6    2    5    1 val= -57.50903
   8 k  1.0000000000000 stre    2    6           val=   1.82246
   9 k  1.0000000000000 bend    5    6    2      val= 104.31862
  10 k  1.0000000000000 stre    5    1           val=   2.17900
  11 k  1.0000000000000 stre    5    2           val=   2.37919
  12 k  1.0000000000000 bend    2    1    5      val= 150.42263
        12 non zero eigenvalues  of BmBt
           1          16.888255910    1    0
         1
           2           3.323106818    2    0
         2
           3           2.560193770    3    0
         3
           4           2.289681930    4    0
         4
           5           1.839208822    5    0
         5
           6           1.652193126    6    0
         6
           7           1.045021660    7    0
         7
           8           0.723046712    8    0
         8
           9           0.613986301    9    0
         9
          10           0.542989620   10    0
        10
          11           0.297555390   11    0
        11
          12           0.130730833   12    0
        12
$user-defined bonds
$end
