$coord
    2.12138108000000     -0.49600790000000      0.00009679270000      c
   -0.28574992000000      1.13543110000000     -0.00011863530000      c
   -2.64682892000000     -0.40592290000000     -0.00003170830000      c
    2.18361108000000     -1.70770890000000      1.66527907870000      h
    2.18366108000000     -1.70806890000000     -1.66482092130000      h
    3.80972108000000      0.68680310000000     -0.00001092130000      h
   -0.25335782000000      2.36511110000000     -1.65747092130000      h
   -0.25345982000000      2.36546110000000      1.65696907870000      h
   -3.42984892000000     -1.11693890000000      1.74691907870000      h
   -3.42912892000000     -1.11815890000000     -1.74681092130000      h
$redundant
     number_of_atoms            10
     degrees_of_freedom         24
     internal_coordinates       24
     frozen_coordinates          0
# definitions of redundant internals
   1 k  1.0000000000000 tors    5    1    2    3 val=  59.99899
        1.0000000000000 tors    4    1    2    3
        1.0000000000000 tors    6    1    2    3
   2 k  1.0000000000000 stre    1    5           val=   2.06032
   3 k  1.0000000000000 stre    1    4           val=   2.06032
   4 k  1.0000000000000 stre    1    6           val=   2.06144
   5 k  0.4099156167074 bend    4    5    1      val=   1.22244
        0.4216489333194 bend    6    5    1
        0.4216555005791 bend    6    4    1
       -0.4001421931928 bend    2    5    1
       -0.4001405006325 bend    2    4    1
       -0.3951731367664 bend    2    6    1
   6 k  0.6963980487059 bend    4    5    1      val=   0.11447
       -0.3405838031650 bend    6    5    1
       -0.3405946636001 bend    6    4    1
        0.2139065702162 bend    2    5    1
        0.2138997495934 bend    2    4    1
       -0.4376283608836 bend    2    6    1
   7 k -0.0000043138618 bend    4    5    1      val=   0.00008
        0.6435052475000 bend    6    5    1
       -0.6434937107541 bend    6    4    1
        0.2930984486748 bend    2    5    1
       -0.2931043159393 bend    2    4    1
        0.0000018265168 bend    2    6    1
   8 k -0.4346875563437 bend    4    5    1      val=   0.16584
        0.2168575583757 bend    6    5    1
        0.2168676387521 bend    6    4    1
        0.3467481531607 bend    2    5    1
        0.3467297127025 bend    2    4    1
       -0.6903131025891 bend    2    6    1
   9 k  0.0000055184358 bend    4    5    1      val=   0.00009
       -0.2931042788960 bend    6    5    1
        0.2930984856732 bend    6    4    1
        0.6434946874498 bend    2    5    1
       -0.6435042707343 bend    2    4    1
        0.0000113614690 bend    2    6    1
  10 k  1.0000000000000 stre    2    8           val=   2.06397
  11 k  1.0000000000000 stre    2    7           val=   2.06397
  12 k  0.0348062084470 bend    7    8    2      val=   0.45565
       -0.5036389829412 bend    3    8    2
       -0.5036345343309 bend    3    7    2
        0.4957326961396 bend    1    8    2
        0.4957193283733 bend    1    7    2
  13 k  0.0000250644081 bend    7    8    2      val=   0.00049
       -0.5230856505992 bend    3    8    2
        0.5230774856872 bend    3    7    2
       -0.4758009937520 bend    1    8    2
        0.4757990750525 bend    1    7    2
  14 k  0.9039300083891 bend    7    8    2      val=   1.95698
       -0.1956894274859 bend    3    8    2
       -0.1957115860287 bend    3    7    2
       -0.2305433381479 bend    1    8    2
       -0.2305708833173 bend    1    7    2
  15 k -0.0000033921795 bend    7    8    2      val=   0.00035
       -0.4757942422746 bend    3    8    2
        0.4758058269306 bend    3    7    2
        0.5230783844624 bend    1    8    2
       -0.5230847519991 bend    1    7    2
  16 k  1.0000000000000 tors    9    3    2    1 val=   0.01782
        1.0000000000000 tors   10    3    2    1
  17 k  1.0000000000000 stre    3    9           val=   2.04218
  18 k  1.0000000000000 stre    3   10           val=   2.04218
  19 k  0.8168793930756 bend   10    9    3      val=  -1.49177
       -0.4078679049103 bend    2    9    3
       -0.4078625127570 bend    2   10    3
  20 k  0.0000019046315 bend   10    9    3      val=   0.00055
       -0.7071001997126 bend    2    9    3
        0.7071133625966 bend    2   10    3
  21 k  1.0000000000000 outp    9    2   10    3 val=  -9.42888
  22 k  1.0000000000000 stre    2    3           val=   2.81966
  23 k  1.0000000000000 stre    2    1           val=   2.90790
  24 k  1.0000000000000 bend    1    3    2      val= 112.73524
        24 non zero eigenvalues  of BmBt
           1           5.948786735    1    0
         1
           2           4.130677666    2    0
         2
           3           3.879444498    3    0
         3
           4           3.255867111    4    0
         4
           5           3.167901851    5    0
         5
           6           2.709611849    6    0
         6
           7           2.522220398    7    0
         7
           8           2.272750402    8    0
         8
           9           1.630230920    9    0
         9
          10           0.904880135   10    0
        10
          11           0.880311081   11    0
        11
          12           0.797785236   12    0
        12
          13           0.766090501   13    0
        13
          14           0.694498392   14    0
        14
          15           0.692812089   15    0
        15
          16           0.483506314   16    0
        16
          17           0.423170881   17    0
        17
          18           0.334984587   18    0
        18
          19           0.320092522   19    0
        19
          20           0.283498457   20    0
        20
          21           0.263173258   21    0
        21
          22           0.258610358   22    0
        22
          23           0.155778708   23    0
        23
          24           0.066127393   24    0
        24
$user-defined bonds
$end
