$coord
   -0.26318086666667      0.63253000000000      0.00000000000000      c
   -0.26318086666667     -2.04735000000000      0.00000000000000      o
   -2.22950406666667      1.22377000000000      0.00000000000000      h
    1.45082593333333     -2.61801000000000      0.00000000000000      h
    0.65251993333333      1.40453000000000      1.68099000000000      h
    0.65251993333333      1.40453000000000     -1.68099000000000      h
$redundant
     number_of_atoms             6
     degrees_of_freedom          8
     internal_coordinates        8
     frozen_coordinates          0
# definitions of redundant internals
   1 k  1.0000000000000 stre    1    3           val=   2.05329
   2 k  1.0000000000000 stre    1    2           val=   2.67988
   3 k  1.0000000000000 stre    2    4           val=   1.80651
   4 k  0.3820089726821 bend    5    3    1      val=   0.65158
        0.3820089726821 bend    6    3    1
        0.4723259818478 bend    6    5    1
       -0.4189601768367 bend    2    3    1
       -0.3933947296782 bend    2    5    1
       -0.3933947296782 bend    2    6    1
   5 k  1.0000000000000 stre    1    6           val=   2.06403
   6 k  0.3849590761140 bend    5    3    1      val=   2.19481
        0.3849590761140 bend    6    3    1
       -0.6444755374280 bend    6    5    1
        0.4198436962394 bend    2    3    1
       -0.2366385131585 bend    2    5    1
       -0.2366385131585 bend    2    6    1
   7 k  1.0000000000000 bend    1    4    2      val= 108.41462
   8 k  0.2281890139691 bend    5    3    1      val=   1.56304
        0.2281890139691 bend    6    3    1
       -0.4284897727388 bend    6    5    1
       -0.6976279922015 bend    2    3    1
        0.3358357090623 bend    2    5    1
        0.3358357090623 bend    2    6    1
         8 non zero eigenvalues  of BmBt
           1           3.555969510    1    0
         1
           2           3.260427470    2    0
         2
           3           2.147976538    3    0
         3
           4           1.251436980    4    0
         4
           5           0.853478847    5    0
         5
           6           0.699537094    6    0
         6
           7           0.454250426    7    0
         7
           8           0.261873549    8    0
         8
$user-defined bonds
$end
