$coord
    0.81279200000000     -0.22780340000000     -0.18464120000000      c
   -1.74641800000000     -0.51614390000000     -0.02132320000000      o
   -2.54082800000000      1.10122910000000     -0.18094820000000      h
    1.62419200000000      1.59231910000000      0.25775880000000      h
    1.85026200000000     -1.94960090000000      0.12915380000000      h
$redundant
     number_of_atoms             5
     degrees_of_freedom          9
     internal_coordinates        9
     frozen_coordinates          0
# definitions of redundant internals
   1 k  1.0000000000000 stre    2    3           val=   1.80899
   2 k  1.0000000000000 bend    1    3    2      val= 109.27029
   3 k  1.0000000000000 tors    5    1    2    3 val=  99.18271
        1.0000000000000 tors    4    1    2    3
   4 k  1.0000000000000 stre    1    5           val=   2.03455
   5 k  1.0000000000000 stre    1    4           val=   2.04131
   6 k  0.8219704779068 bend    4    5    1      val=   3.76196
       -0.3781220714620 bend    2    5    1
       -0.4258969740711 bend    2    4    1
   7 k  0.0373710505749 bend    4    5    1      val=   4.96679
       -0.7103836968538 bend    2    5    1
        0.7028217468343 bend    2    4    1
   8 k  1.0000000000000 outp    4    5    2    1 val= -24.08914
   9 k  1.0000000000000 stre    1    2           val=   2.58058
         9 non zero eigenvalues  of BmBt
           1           3.542244092    1    0
         1
           2           3.368411445    2    0
         2
           3           2.821655296    3    0
         3
           4           2.122108771    4    0
         4
           5           1.591400138    5    0
         5
           6           1.165189280    6    0
         6
           7           0.896113085    7    0
         7
           8           0.505179898    8    0
         8
           9           0.296525062    9    0
         9
$user-defined bonds
$end
