$coord
    3.44602644836333      0.00098128583333      0.00020547983333      f
    0.00027242436333     -0.00016955716667     -0.00034443116667      c
    0.00012124536333     -0.57615623316667      1.93709997083333      h
    0.00054265436333      1.96565176683333     -0.47041402916667      h
   -0.00017922081667     -1.39132823316667     -1.46676002916667      h
   -3.44678355163667      0.00102097083333      0.00021303883333      f
$redundant
     number_of_atoms             6
     degrees_of_freedom         12
     internal_coordinates       12
     frozen_coordinates          0
# definitions of redundant internals
   1 k  1.0000000000000 stre    2    4           val=   2.02124
   2 k  1.0000000000000 stre    2    3           val=   2.02125
   3 k  1.0000000000000 stre    2    5           val=   2.02131
   4 k  1.0000000000000 stre    2    1           val=   3.44575
   5 k  1.0000000000000 stre    2    6           val=   3.44706
   6 k  0.6502844682338 bend    3    4    2      val=   0.00143
       -0.6930329805385 bend    5    4    2
        0.0427482044738 bend    5    3    2
       -0.0090508429613 bend    1    4    2
        0.1594561941872 bend    1    3    2
       -0.1485208925524 bend    1    5    2
       -0.0102180025898 bend    6    4    2
        0.1581638556307 bend    6    3    2
       -0.1494025612957 bend    6    5    2
   7 k  0.4247318879799 bend    3    4    2      val=   0.02630
        0.3508242161465 bend    5    4    2
       -0.7755569109925 bend    5    3    2
        0.1791879718331 bend    1    4    2
       -0.0787937910587 bend    1    3    2
       -0.0959393987995 bend    1    5    2
        0.1762649130298 bend    6    4    2
       -0.0817658168124 bend    6    3    2
       -0.0987954611538 bend    6    5    2
   8 k  0.0024673889012 bend    3    4    2      val=   0.00832
        0.0003838854934 bend    5    4    2
       -0.0026187325967 bend    5    3    2
       -0.4075019932801 bend    1    4    2
       -0.4083271903268 bend    1    3    2
       -0.4089061080085 bend    1    5    2
        0.4088165256985 bend    6    4    2
        0.4081793785596 bend    6    3    2
        0.4077405744391 bend    6    5    2
   9 k  0.0000841509869 bend    3    4    2      val=   0.00840
       -0.0000264287017 bend    5    4    2
       -0.0000576118608 bend    5    3    2
       -0.5717217539738 bend    1    4    2
        0.2150711054110 bend    1    3    2
        0.3564580909419 bend    1    5    2
        0.5715067870681 bend    6    4    2
       -0.2149591394839 bend    6    3    2
       -0.3563549279033 bend    6    5    2
  10 k  0.0001864329683 bend    3    4    2      val=   0.00262
       -0.0001592788831 bend    5    4    2
       -0.0000271906262 bend    5    3    2
        0.0816396179177 bend    1    4    2
       -0.5358793648225 bend    1    3    2
        0.4541812150607 bend    1    5    2
       -0.0815860741712 bend    6    4    2
        0.5357457754426 bend    6    3    2
       -0.4541011107232 bend    6    5    2
  11 k  0.1581682899204 bend    3    4    2      val=   0.04732
        0.0904981005269 bend    5    4    2
       -0.2486663665684 bend    5    3    2
       -0.5423809574495 bend    1    4    2
        0.1977762166572 bend    1    3    2
        0.3449588420287 bend    1    5    2
       -0.5425543652008 bend    6    4    2
        0.1979242650371 bend    6    3    2
        0.3451514631877 bend    6    5    2
  12 k -0.1958985791575 bend    3    4    2      val=   0.01189
        0.2347429465616 bend    5    4    2
       -0.0388443741020 bend    5    3    2
       -0.0849438131141 bend    1    4    2
        0.5124209212597 bend    1    3    2
       -0.4272507370039 bend    1    5    2
       -0.0850015076969 bend    6    4    2
        0.5126031079556 bend    6    3    2
       -0.4274219970082 bend    6    5    2
        12 non zero eigenvalues  of BmBt
           1           4.270315783    1    0
         1
           2           3.693609894    2    0
         2
           3           3.692894603    3    0
         3
           4           1.000000000    4    0
         4
           5           1.000000000    5    0
         5
           6           0.842632332    6    0
         6
           7           0.842478974    7    0
         7
           8           0.687818214    8    0
         8
           9           0.615890743    9    0
         9
          10           0.615750029   10    0
        10
          11           0.178899159   11    0
        11
          12           0.178707788   12    0
        12
$user-defined bonds
$end
