$coord
   -1.32939657142857     -0.29755242857143     -0.00003035084286      c
    0.22164242857143      1.81429057142857      0.00013594485714      o
   -3.32102657142857      0.28691357142857     -0.01629150014286      h
   -1.03243657142857     -1.51888942857143     -1.65933610014286      h
   -1.05572657142857     -1.50318942857143      1.67501389985714      h
    2.08832042857143      1.13992157142857      0.00049310385714      h
    4.42862342857143      0.07850557142857      0.00001500255714      f
$redundant
     number_of_atoms             7
     degrees_of_freedom         15
     internal_coordinates       15
     frozen_coordinates          0
# definitions of redundant internals
   1 k  1.0000000000000 stre    7    6           val=   2.56975
   2 k  1.0000000000000 linc    7    2    6    1 val=   4.53298
   3 k  1.0000000000000 linp    7    2    6    1 val=  -0.02008
   4 k  1.0000000000000 tors    3    1    2    6 val=  60.46994
        1.0000000000000 tors    4    1    2    6
        1.0000000000000 tors    5    1    2    6
   5 k  1.0000000000000 stre    1    3           val=   2.07568
   6 k  1.0000000000000 stre    1    4           val=   2.08162
   7 k  1.0000000000000 stre    1    5           val=   2.08188
   8 k  0.4215282883446 bend    4    3    1      val=   1.99133
        0.4212989777673 bend    5    3    1
        0.4308774779262 bend    5    4    1
       -0.3889264871821 bend    2    3    1
       -0.3923580356869 bend    2    4    1
       -0.3923735871254 bend    2    5    1
   9 k  0.3244790524351 bend    4    3    1      val=   0.92051
        0.3354940655228 bend    5    3    1
       -0.6409915896865 bend    5    4    1
        0.5005786412130 bend    2    3    1
       -0.2498606499216 bend    2    4    1
       -0.2414074109531 bend    2    5    1
  10 k  0.6027564956413 bend    4    3    1      val=   0.01737
       -0.5958897490770 bend    5    3    1
       -0.0068176587363 bend    5    4    1
        0.0042998284219 bend    2    3    1
        0.3731802657259 bend    2    4    1
       -0.3771889900101 bend    2    5    1
  11 k  0.2495312251612 bend    4    3    1      val=   1.45842
        0.2568165095612 bend    5    3    1
       -0.4930076478101 bend    5    4    1
       -0.6484778517063 bend    2    3    1
        0.3270760713277 bend    2    4    1
        0.3181518924953 bend    2    5    1
  12 k  0.3769174979434 bend    4    3    1      val=   0.03146
       -0.3734642156861 bend    5    3    1
       -0.0033977738565 bend    5    4    1
       -0.0056561404935 bend    2    3    1
       -0.5964420230620 bend    2    4    1
        0.6022217661952 bend    2    5    1
  13 k  1.0000000000000 stre    2    6           val=   1.98476
  14 k  1.0000000000000 bend    1    6    2      val= 106.43224
  15 k  1.0000000000000 stre    1    2           val=   2.62023
        15 non zero eigenvalues  of BmBt
           1           3.769970012    1    0
         1
           2           3.673691567    2    0
         2
           3           3.392250163    3    0
         3
           4           2.920672195    4    0
         4
           5           2.725075717    5    0
         5
           6           1.859065835    6    0
         6
           7           1.218704162    7    0
         7
           8           0.892426147    8    0
         8
           9           0.672637147    9    0
         9
          10           0.670418178   10    0
        10
          11           0.555358578   11    0
        11
          12           0.494418331   12    0
        12
          13           0.376647277   13    0
        13
          14           0.224138440   14    0
        14
          15           0.072213738   15    0
        15
$user-defined bonds
$end
