$coord
    4.03967224285714      0.15606831428571     -0.00037685118571      f
    0.71420724285714      0.20097761428571      0.00037337081429      c
    0.61981534285714      2.22102301428571     -0.02233736618571      h
    0.61274014285714     -0.81682698571429     -1.74424496618571      h
    0.61335054285714     -0.77799298571429      1.76700503381429      h
   -3.03436775714286      0.37611801428571     -0.00035795418571      o
   -3.56541775714286     -1.35936698571429     -0.00006126688571      h
$redundant
     number_of_atoms             7
     degrees_of_freedom         15
     internal_coordinates       15
     frozen_coordinates          0
# definitions of redundant internals
   1 k  1.0000000000000 tors    5    2    3    6 val=  60.00589
        1.0000000000000 tors    4    2    3    6
        1.0000000000000 tors    1    2    3    6
   2 k  1.0000000000000 stre    2    5           val=   2.02226
   3 k  1.0000000000000 stre    2    4           val=   2.02235
   4 k  1.0000000000000 stre    2    1           val=   3.32577
   5 k  0.7849652520996 bend    4    5    2      val=   0.60615
        0.1143939710383 bend    1    5    2
        0.1143438469997 bend    1    4    2
       -0.3928106871675 bend    3    5    2
       -0.3924914648952 bend    3    4    2
       -0.2220794251411 bend    3    1    2
   6 k -0.0001328627522 bend    4    5    2      val=  -0.00384
       -0.2226618404652 bend    1    5    2
        0.2226218764727 bend    1    4    2
       -0.6710679688399 bend    3    5    2
        0.6712145269509 bend    3    4    2
        0.0001651393103 bend    3    1    2
   7 k -0.0975031970859 bend    4    5    2      val=  62.10049
        0.5660800871912 bend    1    5    2
        0.5659299795498 bend    1    4    2
       -0.0954061104031 bend    3    5    2
       -0.0954627545721 bend    3    4    2
        0.5758074819570 bend    3    1    2
   8 k -0.2255673570828 bend    4    5    2      val=  -0.16487
        0.3981630206055 bend    1    5    2
        0.3949365389906 bend    1    4    2
        0.1102972541091 bend    3    5    2
        0.1115145133299 bend    3    4    2
       -0.7810312001860 bend    3    1    2
   9 k -0.0004694588849 bend    4    5    2      val=   0.00254
       -0.6701101882238 bend    1    5    2
        0.6721684622862 bend    1    4    2
        0.2228682509542 bend    3    5    2
       -0.2224138104401 bend    3    4    2
       -0.0018743523795 bend    3    1    2
  10 k  1.0000000000000 tors    7    6    3    2 val=  -0.84930
  11 k  1.0000000000000 stre    6    7           val=   1.81492
  12 k  1.0000000000000 bend    3    7    6      val= 133.80119
  13 k  1.0000000000000 stre    3    2           val=   2.02238
  14 k  1.0000000000000 stre    3    6           val=   4.09356
  15 k  1.0000000000000 bend    6    2    3      val=  65.88549
        15 non zero eigenvalues  of BmBt
           1           4.346142500    1    0
         1
           2           3.724847509    2    0
         2
           3           2.949680546    3    0
         3
           4           2.547686560    4    0
         4
           5           1.843387211    5    0
         5
           6           1.608417692    6    0
         6
           7           1.134945377    7    0
         7
           8           0.901536795    8    0
         8
           9           0.746188288    9    0
         9
          10           0.636507434   10    0
        10
          11           0.484490954   11    0
        11
          12           0.452527121   12    0
        12
          13           0.280886225   13    0
        13
          14           0.254866226   14    0
        14
          15           0.046449035   15    0
        15
$user-defined bonds
$end
