$coord
    0.00000045033333      0.91744450000000      0.00000000000000      c
    1.99069045033333      1.39338150000000      0.00000000000000      h
   -0.99518054966667      1.39405650000000      1.72390000000000      h
   -0.99518054966667      1.39405650000000     -1.72390000000000      h
   -0.00049087866667     -1.69525950000000      0.00000000000000      h
    0.00016107733333     -3.40367950000000      0.00000000000000      h
$redundant
     number_of_atoms             6
     degrees_of_freedom          8
     internal_coordinates        8
     frozen_coordinates          0
# definitions of redundant internals
   1 k  1.0000000000000 stre    6    5           val=   1.70842
   2 k  1.0000000000000 stre    1    5           val=   2.61270
   3 k  1.0000000000000 stre    1    2           val=   2.04679
   4 k  0.3620117895830 bend    3    2    1      val=   0.00152
        0.3620117895813 bend    4    2    1
       -0.7240789713431 bend    4    3    1
        0.3773993287884 bend    5    2    1
       -0.1886455913816 bend    5    3    1
       -0.1886455913825 bend    5    4    1
   5 k  1.0000000000000 stre    1    3           val=   2.04680
   6 k -0.3457756387428 bend    3    2    1      val=  10.09656
       -0.3457756387428 bend    4    2    1
       -0.3457120439614 bend    4    3    1
        0.4623304519483 bend    5    2    1
        0.4623916906505 bend    5    3    1
        0.4623916906505 bend    5    4    1
   7 k -0.1886889045484 bend    3    2    1      val=  -0.00184
       -0.1886889045513 bend    4    2    1
        0.3773560184177 bend    4    3    1
        0.7240697419225 bend    5    2    1
       -0.3620210206602 bend    5    3    1
       -0.3620210206547 bend    5    4    1
   8 k  1.0000000000000 linc    6    1    5    2 val=   0.00000
         8 non zero eigenvalues  of BmBt
           1           3.678663377    1    0
         1
           2           3.414597671    2    0
         2
           3           1.875739671    3    0
         3
           4           1.400561542    4    0
         4
           5           0.922429362    5    0
         5
           6           0.766227722    6    0
         6
           7           0.377967339    7    0
         7
           8           0.303655775    8    0
         8
$user-defined bonds
$end
