$coord
    2.12610470000000     -1.02252750000000     -0.02393912000000      c
    0.25733570000000      1.13892050000000     -0.12403992000000      c
   -4.13147530000000     -0.77363950000000     -0.17234462000000      o
    1.83023470000000     -2.18416950000000      1.64895438000000      h
    1.95272470000000     -2.23161950000000     -1.68046562000000      h
    4.06102470000000     -0.30540250000000      0.03591238000000      h
    0.26044670000000      2.32571050000000      1.55503438000000      h
    0.37846470000000      2.28423050000000     -1.82680562000000      h
   -1.82071530000000      0.21369550000000     -0.22036262000000      h
   -4.91414530000000      0.55480150000000      0.80805638000000      h
$redundant
     number_of_atoms            10
     degrees_of_freedom         24
     internal_coordinates       24
     frozen_coordinates          0
# definitions of redundant internals
   1 k  1.0000000000000 stre    2    9           val=   2.27676
   2 k  1.0000000000000 stre    9    3           val=   2.51331
   3 k  1.0000000000000 linc    2    3    9   10 val=   2.69861
   4 k  1.0000000000000 linp    2    3    9   10 val=  -2.41874
   5 k  1.0000000000000 tors    4    1    2    9 val=  59.12428
        1.0000000000000 tors    5    1    2    9
        1.0000000000000 tors    6    1    2    9
   6 k  1.0000000000000 stre    1    4           val=   2.05804
   7 k  1.0000000000000 stre    1    5           val=   2.05817
   8 k  1.0000000000000 stre    1    6           val=   2.06440
   9 k  0.4273873828685 bend    5    4    1      val=   1.33487
        0.4150581039273 bend    6    4    1
        0.4136172441042 bend    6    5    1
       -0.3973536175059 bend    2    4    1
       -0.3976460983710 bend    2    5    1
       -0.3974610091746 bend    2    6    1
  10 k -0.6830010356759 bend    5    4    1      val=   0.29820
        0.3376088443191 bend    6    4    1
        0.3614377816187 bend    6    5    1
       -0.2291387629918 bend    2    4    1
       -0.2134180408019 bend    2    5    1
        0.4368532369992 bend    2    6    1
  11 k  0.0153841351097 bend    5    4    1      val=   0.01045
       -0.6425117423233 bend    6    4    1
        0.6283695131306 bend    6    5    1
       -0.3066327190573 bend    2    4    1
        0.3130791953385 bend    2    5    1
       -0.0071789540506 bend    2    6    1
  12 k  0.4364436107888 bend    5    4    1      val=  -0.11559
       -0.2138092072802 bend    6    4    1
       -0.2295048437655 bend    6    5    1
       -0.3535396273748 bend    2    4    1
       -0.3300215248542 bend    2    5    1
        0.6908152062459 bend    2    6    1
  13 k -0.0069247174263 bend    5    4    1      val=   0.02240
        0.3132836452085 bend    6    4    1
       -0.3064296133661 bend    6    5    1
       -0.6279337267880 bend    2    4    1
        0.6429544276532 bend    2    5    1
       -0.0146675392997 bend    2    6    1
  14 k  1.0000000000000 stre    2    8           val=   2.05568
  15 k  1.0000000000000 stre    2    7           val=   2.05615
  16 k  0.4698927296164 bend    7    8    2      val=   3.72321
       -0.5199603828399 bend    1    8    2
       -0.5110011933074 bend    1    7    2
        0.3577226146980 bend    9    8    2
        0.3460553919572 bend    9    7    2
  17 k  0.0271264774345 bend    7    8    2      val=   0.84389
       -0.6650871664569 bend    1    8    2
        0.6771170606647 bend    1    7    2
       -0.2355709703030 bend    9    8    2
        0.2072245625974 bend    9    7    2
  18 k -0.7495017639185 bend    7    8    2      val=   5.65962
       -0.0457511738084 bend    1    8    2
        0.0002891596835 bend    1    7    2
        0.4602931483748 bend    9    8    2
        0.4735863911940 bend    9    7    2
  19 k  0.0043909208431 bend    7    8    2      val=   0.86888
        0.2171446490526 bend    1    8    2
       -0.2258087433767 bend    1    7    2
       -0.6668155814411 bend    9    8    2
        0.6761629337400 bend    9    7    2
  20 k  1.0000000000000 tors   10    3    2    1 val= 145.38723
  21 k  1.0000000000000 stre    3   10           val=   1.82716
  22 k  1.0000000000000 bend    9   10    3      val=  96.80358
  23 k  1.0000000000000 stre    2    1           val=   2.85905
  24 k  1.0000000000000 bend    9    1    2      val= 106.90854
        24 non zero eigenvalues  of BmBt
           1           5.395785973    1    0
         1
           2           4.143028610    2    0
         2
           3           3.663281646    3    0
         3
           4           3.096904567    4    0
         4
           5           3.048697172    5    0
         5
           6           2.569370274    6    0
         6
           7           2.274470277    7    0
         7
           8           1.954538236    8    0
         8
           9           1.397516161    9    0
         9
          10           1.004635010   10    0
        10
          11           0.886806301   11    0
        11
          12           0.827315909   12    0
        12
          13           0.715689316   13    0
        13
          14           0.693328517   14    0
        14
          15           0.631731280   15    0
        15
          16           0.612261364   16    0
        16
          17           0.498225482   17    0
        17
          18           0.378755664   18    0
        18
          19           0.297471547   19    0
        19
          20           0.270503162   20    0
        20
          21           0.211033738   21    0
        21
          22           0.185442803   22    0
        22
          23           0.136444200   23    0
        23
          24           0.046258028   24    0
        24
$user-defined bonds
$end
