$coord
    4.25100082857143     -0.30544528571429     -0.01712943285714      f
    1.58716782857143      0.03837371428571      0.00587236714286      c
    0.66477502857143     -1.64660228571429     -0.68940133285714      h
    0.98723582857143      0.40285271428571      1.92673266714286      h
    1.13425882857143      1.62949771428571     -1.19911733285714      h
   -3.43734917142857     -0.29918228571429     -0.01130150285714      o
   -5.18708917142857      0.18050571428571     -0.01565543285714      h
$redundant
     number_of_atoms             7
     degrees_of_freedom         15
     internal_coordinates       15
     frozen_coordinates          0
# definitions of redundant internals
   1 k  1.0000000000000 stre    7    6           val=   1.81431
   2 k  1.0000000000000 linc    7    3    6    2 val=  -4.58489
   3 k  1.0000000000000 linp    7    3    6    2 val=  -8.21110
   4 k  1.0000000000000 tors    4    2    3    6 val=  55.90718
        1.0000000000000 tors    5    2    3    6
        1.0000000000000 tors    1    2    3    6
   5 k  1.0000000000000 stre    2    4           val=   2.04511
   6 k  1.0000000000000 stre    2    5           val=   2.04666
   7 k  1.0000000000000 stre    2    1           val=   2.68603
   8 k -0.4109358714581 bend    5    4    2      val=   0.54202
        0.4022660101235 bend    1    4    2
        0.4137241570160 bend    1    5    2
       -0.4123410287854 bend    3    4    2
       -0.3894636355433 bend    3    5    2
        0.4200464749517 bend    3    1    2
   9 k  0.6832476954982 bend    5    4    2      val=   0.32948
        0.2314099457569 bend    1    4    2
        0.2222367015215 bend    1    5    2
       -0.3422579595148 bend    3    4    2
       -0.3523046254699 bend    3    5    2
       -0.4347111824181 bend    3    1    2
  10 k  0.0224666475093 bend    5    4    2      val=   0.07590
       -0.4376899476844 bend    1    4    2
        0.4147214095896 bend    1    5    2
       -0.5640676492327 bend    3    4    2
        0.5636967685660 bend    3    5    2
        0.0015975202765 bend    3    1    2
  11 k  0.4219135071115 bend    5    4    2      val=   0.92372
       -0.1452328406895 bend    1    4    2
       -0.5097218758985 bend    1    5    2
       -0.3283894252012 bend    3    4    2
       -0.0850278177723 bend    3    5    2
        0.6526949359031 bend    3    1    2
  12 k -0.1360287808144 bend    5    4    2      val=   0.04993
        0.6392917497818 bend    1    4    2
       -0.4285689424801 bend    1    5    2
       -0.3393283744716 bend    3    4    2
        0.4781656319495 bend    3    5    2
       -0.2129431231417 bend    3    1    2
  13 k  1.0000000000000 stre    3    6           val=   4.37067
  14 k  1.0000000000000 bend    2    6    3      val=  96.70135
  15 k  1.0000000000000 stre    2    3           val=   2.04288
        15 non zero eigenvalues  of BmBt
           1           3.752594187    1    0
         1
           2           3.275902952    2    0
         2
           3           3.248353057    3    0
         3
           4           2.954939578    4    0
         4
           5           1.454169836    5    0
         5
           6           1.375856585    6    0
         6
           7           1.089772826    7    0
         7
           8           0.861596643    8    0
         8
           9           0.727074094    9    0
         9
          10           0.698007626   10    0
        10
          11           0.614945240   11    0
        11
          12           0.563044087   12    0
        12
          13           0.333164066   13    0
        13
          14           0.256098065   14    0
        14
          15           0.060568706   15    0
        15
$user-defined bonds
$end
