$coord
   -1.12461100000000      0.10494015000000      0.13574548333333      c
   -1.78795100000000     -1.65712385000000     -0.66132851666667      h
   -1.50203100000000      1.79192615000000     -0.95598451666667      h
   -1.26543100000000      0.29014115000000      2.16702948333333      h
    1.48433500000000     -0.13825475000000     -0.17892841666667      h
    4.19568900000000     -0.39162885000000     -0.50653351666667      cl
$redundant
     number_of_atoms             6
     degrees_of_freedom         12
     internal_coordinates       12
     frozen_coordinates          0
# definitions of redundant internals
   1 k  1.0000000000000 stre    6    5           val=   2.74280
   2 k  1.0000000000000 linc    6    1    5    2 val=   0.01696
   3 k  1.0000000000000 linp    6    1    5    2 val=  -0.00516
   4 k  1.0000000000000 stre    1    2           val=   2.04456
   5 k  1.0000000000000 stre    1    3           val=   2.04456
   6 k  1.0000000000000 stre    1    4           val=   2.04456
   7 k  1.0000000000000 stre    1    5           val=   2.63908
   8 k  0.7231993535602 bend    3    2    1      val=   0.00112
       -0.4870488720381 bend    4    2    1
       -0.2361676342293 bend    4    3    1
        0.1121574288816 bend    5    2    1
        0.2312862690269 bend    5    3    1
       -0.3433923597073 bend    5    4    1
   9 k  0.1448429494874 bend    3    2    1      val=   0.00079
        0.5538936359116 bend    4    2    1
       -0.6987522510625 bend    4    3    1
        0.3317838657086 bend    5    2    1
       -0.2629809660422 bend    5    3    1
       -0.0687613966596 bend    5    4    1
  10 k -0.3110953446856 bend    3    2    1      val=  16.37929
       -0.3110772974372 bend    4    2    1
       -0.3110570921700 bend    4    3    1
        0.4863565436285 bend    5    2    1
        0.4863753826727 bend    5    3    1
        0.4864055782417 bend    5    4    1
  11 k -0.0373915720013 bend    3    2    1      val=  -0.00033
       -0.2828629777964 bend    4    2    1
        0.3202470900565 bend    4    3    1
        0.6744891459180 bend    5    2    1
       -0.5957311441308 bend    5    3    1
       -0.0787464500603 bend    5    4    1
  12 k -0.3482337286210 bend    3    2    1      val=  -0.00090
        0.2064919305297 bend    4    2    1
        0.1417220919680 bend    4    3    1
        0.2984871148014 bend    5    2    1
        0.4348818681666 bend    5    3    1
       -0.7333433060733 bend    5    4    1
        12 non zero eigenvalues  of BmBt
           1           3.670701194    1    0
         1
           2           3.670599864    2    0
         2
           3           3.340135846    3    0
         3
           4           1.785669177    4    0
         4
           5           0.950455713    5    0
         5
           6           0.950237701    6    0
         6
           7           0.935577410    7    0
         7
           8           0.782080873    8    0
         8
           9           0.782061221    9    0
         9
          10           0.362438661   10    0
        10
          11           0.224281998   11    0
        11
          12           0.224230205   12    0
        12
$user-defined bonds
$end
