$coord
    0.00070836096667      4.27544500000000      0.00000000000000      h
   -0.00020815643333      1.93504500000000      0.00000000000000      f
   -0.00020815643333     -1.21824500000000      0.00000000000000      c
    1.99117798396667     -1.66309500000000      0.00000000000000      h
   -0.99573501603333     -1.66457500000000      1.72410000000000      h
   -0.99573501603333     -1.66457500000000     -1.72410000000000      h
$redundant
     number_of_atoms             6
     degrees_of_freedom          8
     internal_coordinates        8
     frozen_coordinates          0
# definitions of redundant internals
   1 k  1.0000000000000 stre    3    4           val=   2.04047
   2 k  1.0000000000000 stre    1    2           val=   2.34040
   3 k  1.0000000000000 stre    3    2           val=   3.15329
   4 k -0.7604011281976 bend    6    5    3      val=   0.01639
        0.3801659615124 bend    4    5    3
        0.3801659615124 bend    4    6    3
       -0.1486151062257 bend    2    5    3
       -0.1486151062257 bend    2    6    3
        0.2975985686350 bend    2    4    3
   5 k  1.0000000000000 stre    3    5           val=   2.04030
   6 k -0.3335109981767 bend    6    5    3      val=  12.26680
       -0.3336340485774 bend    4    5    3
       -0.3336340485774 bend    4    6    3
        0.4713362730828 bend    2    5    3
        0.4713362730828 bend    2    6    3
        0.4709896949062 bend    2    4    3
   7 k -0.2973712935222 bend    6    5    3      val=   0.04972
        0.1488424240670 bend    4    5    3
        0.1488424240670 bend    4    6    3
        0.3801024910086 bend    2    5    3
        0.3801024910086 bend    2    6    3
       -0.7604645764550 bend    2    4    3
   8 k  1.0000000000000 linc    1    3    2    4 val=   0.00000
         8 non zero eigenvalues  of BmBt
           1           3.498212558    1    0
         1
           2           3.387906537    2    0
         2
           3           1.845363571    3    0
         3
           4           0.927632077    4    0
         4
           5           0.917519742    5    0
         5
           6           0.775938831    6    0
         6
           7           0.373062528    7    0
         7
           8           0.252903691    8    0
         8
$user-defined bonds
$end
