$coord
   -2.01024653750000     -0.00002590714625     -0.15611697500000      c
    2.85391346250000     -0.00002401737625     -0.43782457500000      n
   -2.62107653750000      1.71687543125375     -1.09537757500000      h
   -2.39371653750000     -0.00865628874625      1.85646642500000      h
   -2.62251653750000     -1.70810456874625     -1.11041157500000      h
    0.45368576250000     -0.00013551174625     -0.46599957500000      h
    3.16988346250000      1.52230543125375      0.70457842500000      h
    3.17007346250000     -1.52223456874625      0.70468542500000      h
$redundant
     number_of_atoms             8
     degrees_of_freedom         18
     internal_coordinates       18
     frozen_coordinates          0
# definitions of redundant internals
   1 k  1.0000000000000 stre    2    6           val=   2.40039
   2 k  1.0000000000000 stre    6    1           val=   2.48334
   3 k  1.0000000000000 linc    1    2    6    7 val=   5.13200
   4 k  1.0000000000000 linp    1    2    6    7 val=   5.92063
   5 k  1.0000000000000 tors    4    1    2    7 val=  59.74538
        1.0000000000000 tors    4    1    2    8
        1.0000000000000 tors    3    1    2    7
        1.0000000000000 tors    3    1    2    8
        1.0000000000000 tors    5    1    2    7
        1.0000000000000 tors    5    1    2    8
   6 k  1.0000000000000 stre    1    4           val=   2.04881
   7 k  1.0000000000000 stre    1    3           val=   2.05014
   8 k  1.0000000000000 stre    1    5           val=   2.05014
   9 k -0.3042582205790 bend    3    4    1      val=   6.41704
       -0.3072216752083 bend    5    4    1
       -0.4791636787590 bend    5    3    1
        0.4668509650422 bend    6    4    1
        0.4278572932707 bend    6    3    1
        0.4271208956310 bend    6    5    1
  10 k -0.6867943272256 bend    3    4    1      val=   0.00902
        0.6819519936151 bend    5    4    1
        0.0017583260050 bend    5    3    1
        0.0003748165014 bend    6    4    1
       -0.1762553131564 bend    6    3    1
        0.1794041885840 bend    6    5    1
  11 k -0.4450513268583 bend    3    4    1      val=  -0.10728
       -0.4504342182298 bend    5    4    1
        0.7277614010478 bend    5    3    1
       -0.1335658320400 bend    6    4    1
        0.1611800428224 bend    6    3    1
        0.1599463565120 bend    6    5    1
  12 k -0.1008135062037 bend    3    4    1      val=   1.74495
       -0.0988904090035 bend    5    4    1
        0.1968815195146 bend    5    3    1
        0.7937443307662 bend    6    4    1
       -0.3911111648031 bend    6    3    1
       -0.3978655368219 bend    6    5    1
  13 k -0.1773851743206 bend    3    4    1      val=  -0.00083
        0.1782720314966 bend    5    4    1
       -0.0009008884546 bend    5    3    1
       -0.0039405738359 bend    6    4    1
        0.6863625975156 bend    6    3    1
       -0.6823808524034 bend    6    5    1
  14 k  1.0000000000000 stre    2    7           val=   1.92935
  15 k  1.0000000000000 stre    2    8           val=   1.92936
  16 k  0.9999755841882 bend    8    7    2      val= 102.18872
       -0.0049672930732 bend    6    7    2
       -0.0049149798520 bend    6    8    2
  17 k  0.0069878214042 bend    8    7    2      val=  99.85331
        0.7070742656372 bend    6    7    2
        0.7071047682102 bend    6    8    2
  18 k  0.0000371408477 bend    8    7    2      val=   0.00411
        0.7071218486747 bend    6    7    2
       -0.7070917124019 bend    6    8    2
        18 non zero eigenvalues  of BmBt
           1           3.756527687    1    0
         1
           2           3.696214208    2    0
         2
           3           3.531856465    3    0
         3
           4           3.338105906    4    0
         4
           5           2.464707392    5    0
         5
           6           2.206382216    6    0
         6
           7           1.226399338    7    0
         7
           8           1.190484817    8    0
         8
           9           1.123146534    9    0
         9
          10           0.929487415   10    0
        10
          11           0.752672049   11    0
        11
          12           0.749485206   12    0
        12
          13           0.733066997   13    0
        13
          14           0.646301858   14    0
        14
          15           0.350145083   15    0
        15
          16           0.240546265   16    0
        16
          17           0.129508987   17    0
        17
          18           0.119858557   18    0
        18
$user-defined bonds
$end
