$coord
   -2.59501754545455     -0.97970363636364     -0.00008628441818      c
   -0.74183854545455      1.19328836363636      0.00000442248182      c
    3.73719245454545     -0.77563463636364     -0.00015809361818      n
   -2.34649754545455     -2.16711163636364     -1.66396037961818      h
   -2.34643754545455     -2.16731163636364      1.66363962038182      h
   -4.54393754545455     -0.29565463636364     -0.00000313641818      h
   -0.77430854545455      2.35428836363636     -1.69555037961818      h
   -0.77427254545455      2.35412836363636      1.69566962038182      h
    1.46931245454545      0.14679436363636     -0.00011463031818      h
    4.45809245454545      0.16901036363636     -1.52091037961818      h
    4.45771245454545      0.16790636363636      1.52146962038182      h
$redundant
     number_of_atoms            11
     degrees_of_freedom         27
     internal_coordinates       27
     frozen_coordinates          0
# definitions of redundant internals
   1 k  1.0000000000000 stre    2    9           val=   2.44629
   2 k  1.0000000000000 stre    9    3           val=   2.44830
   3 k  1.0000000000000 linc    2    3    9   10 val=   1.99929
   4 k  1.0000000000000 linp    2    3    9   10 val=   2.49010
   5 k  1.0000000000000 tors    4    1    2    9 val=  60.00031
        1.0000000000000 tors    5    1    2    9
        1.0000000000000 tors    6    1    2    9
   6 k  1.0000000000000 stre    1    4           val=   2.05917
   7 k  1.0000000000000 stre    1    5           val=   2.05917
   8 k  1.0000000000000 stre    1    6           val=   2.06548
   9 k  0.4206111947159 bend    5    4    1      val=   1.46141
        0.4193784951501 bend    6    4    1
        0.4193726392754 bend    6    5    1
       -0.3972959931146 bend    2    4    1
       -0.3972966648971 bend    2    5    1
       -0.3945196370642 bend    2    6    1
  10 k -0.6841842095342 bend    5    4    1      val=   0.01418
        0.3420214874152 bend    6    4    1
        0.3419908204628 bend    6    5    1
       -0.2225656821998 bend    2    4    1
       -0.2225830049517 bend    2    5    1
        0.4459561315904 bend    2    6    1
  11 k -0.0000156293591 bend    5    4    1      val=  -0.00002
       -0.6344899916576 bend    6    4    1
        0.6345110131321 bend    6    5    1
       -0.3121109427122 bend    2    4    1
        0.3120977151686 bend    2    5    1
        0.0000090541558 bend    2    6    1
  12 k  0.4447032643757 bend    5    4    1      val=   0.01623
       -0.2238276401191 bend    6    4    1
       -0.2238249472354 bend    6    5    1
       -0.3410415836806 bend    2    4    1
       -0.3410440431426 bend    2    5    1
        0.6851439162723 bend    2    6    1
  13 k -0.0000001553892 bend    5    4    1      val=   0.00024
        0.3121040272900 bend    6    4    1
       -0.3121046308210 bend    6    5    1
       -0.6345007229156 bend    2    4    1
        0.6345002822528 bend    2    5    1
        0.0000031887047 bend    2    6    1
  14 k  1.0000000000000 stre    2    7           val=   2.05521
  15 k  1.0000000000000 stre    2    8           val=   2.05521
  16 k  0.5080229848666 bend    8    7    2      val=   4.36633
       -0.5092770310752 bend    1    7    2
       -0.5092819933237 bend    1    8    2
        0.3340505727128 bend    9    7    2
        0.3340533170214 bend    9    8    2
  17 k  0.0000043662941 bend    8    7    2      val=  -0.00007
        0.6754518207961 bend    1    7    2
       -0.6754462141936 bend    1    8    2
        0.2092063197509 bend    9    7    2
       -0.2092127273182 bend    9    8    2
  18 k -0.7212452856027 bend    8    7    2      val=   7.36950
       -0.0395012250548 bend    1    7    2
       -0.0395104729462 bend    1    8    2
        0.4882033344868 bend    9    7    2
        0.4882021281587 bend    9    8    2
  19 k  0.0000011260062 bend    8    7    2      val=  -0.00051
       -0.2092105580028 bend    1    7    2
        0.2092084890581 bend    1    8    2
        0.6754509125503 bend    9    7    2
       -0.6754471224751 bend    9    8    2
  20 k  1.0000000000000 tors   10    3    2    1 val= 180.01954
        1.0000000000000 tors   11    3    2    1
  21 k  1.0000000000000 stre    3   10           val=   1.92996
  22 k  1.0000000000000 stre    3   11           val=   1.92997
  23 k  0.9978796518815 bend   11   10    3      val=  86.86273
       -0.0460227844557 bend    9   10    3
       -0.0460228603182 bend    9   11    3
  24 k  0.0650860995965 bend   11   10    3      val=  99.50906
        0.7056122592316 bend    9   10    3
        0.7056026780430 bend    9   11    3
  25 k  0.0000004944825 bend   11   10    3      val=   0.00084
       -0.7071020032025 bend    9   10    3
        0.7071115591381 bend    9   11    3
  26 k  1.0000000000000 stre    2    1           val=   2.85590
  27 k  1.0000000000000 bend    9    1    2      val= 105.13106
        27 non zero eigenvalues  of BmBt
           1           5.398676121    1    0
         1
           2           4.111307955    2    0
         2
           3           3.670565456    3    0
         3
           4           3.095775523    4    0
         4
           5           3.086812073    5    0
         5
           6           2.652019818    6    0
         6
           7           2.633810967    7    0
         7
           8           2.289091301    8    0
         8
           9           2.132255149    9    0
         9
          10           1.409191323   10    0
        10
          11           0.984046896   11    0
        11
          12           0.882320250   12    0
        12
          13           0.849600992   13    0
        13
          14           0.730156733   14    0
        14
          15           0.716058841   15    0
        15
          16           0.693131710   16    0
        16
          17           0.649335757   17    0
        17
          18           0.600424177   18    0
        18
          19           0.417215350   19    0
        19
          20           0.378756177   20    0
        20
          21           0.314179657   21    0
        21
          22           0.272114745   22    0
        22
          23           0.262246993   23    0
        23
          24           0.189631689   24    0
        24
          25           0.136345843   25    0
        25
          26           0.107038278   26    0
        26
          27           0.040445724   27    0
        27
$user-defined bonds
$end
