$coord
   -2.45592700790231     -1.42989507692308      0.02453686153846      c
   -2.27890700790231      1.23589092307692      0.03727546153846      c
    0.00000299209769      2.51626492307692      0.35232126153846      c
    2.27891299209769      1.23588492307692      0.03726036153846      c
    2.45594299209769     -1.42988507692308      0.02455196153846      c
    4.09843299209769     -2.22867507692308     -0.91190173846154      h
    1.95028299209769     -2.46835507692308      1.71267426153846      h
    3.84962299209769      2.33149492307692     -0.69043973846154      h
    0.00000488182769      4.55632492307692      0.22496126153846      h
   -3.84961700790231      2.33149492307692     -0.69039573846154      h
   -4.09842700790231     -2.22865507692308     -0.91193773846154      h
   -0.00001779490231     -1.95351507692308     -0.92156073846154      h
   -1.95030700790231     -2.46837507692308      1.71265426153846      h
$redundant
     number_of_atoms            13
     degrees_of_freedom         33
     internal_coordinates       33
     frozen_coordinates          0
# definitions of redundant internals
   1 k  1.0000000000000 stre    5    7           val=   2.04545
   2 k  1.0000000000000 stre    5    6           val=   2.05251
   3 k  0.4430011441934 bend    6    7    5      val=   9.28461
       -0.4271426000921 bend    4    7    5
       -0.5387886755235 bend    4    6    5
        0.2518582691911 bend   12    7    5
        0.5172749373376 bend   12    6    5
   4 k  0.1142156600037 bend    6    7    5      val=   4.23880
        0.6127875343123 bend    4    7    5
       -0.5699977223876 bend    4    6    5
        0.3843141270638 bend   12    7    5
       -0.3726277888369 bend   12    6    5
   5 k -0.7264092794115 bend    6    7    5      val=  16.73411
        0.1056996008839 bend    4    7    5
       -0.0029847519722 bend    4    6    5
        0.4943469323547 bend   12    7    5
        0.4655849598999 bend   12    6    5
   6 k -0.0569036020770 bend    6    7    5      val=  11.73078
        0.4879619443561 bend    4    7    5
       -0.2613592321738 bend    4    6    5
       -0.6621844220648 bend   12    7    5
        0.5018548234929 bend   12    6    5
   7 k  1.0000000000000 stre    4    8           val=   2.04867
   8 k -0.7068300172685 bend    3    8    4      val=   1.17979
        0.7073834368207 bend    5    8    4
   9 k  1.0000000000000 outp    8    5    3    4 val=  14.02757
  10 k  1.0000000000000 stre    3    9           val=   2.04403
  11 k  0.7071068430117 bend    2    9    3      val=   0.00003
       -0.7071067193613 bend    4    9    3
  12 k  1.0000000000000 outp    9    4    2    3 val=  17.39605
  13 k  1.0000000000000 stre    2   10           val=   2.04865
  14 k -0.7068301760912 bend    3   10    2      val=   1.17967
        0.7073832781222 bend    1   10    2
  15 k  1.0000000000000 outp   10    1    3    2 val= -14.02789
  16 k  1.0000000000000 stre    1   13           val=   2.04544
  17 k  1.0000000000000 stre    1   11           val=   2.05251
  18 k  0.4429651841701 bend   11   13    1      val=   9.28387
       -0.4271947916301 bend    2   13    1
       -0.5387485509574 bend    2   11    1
        0.2518487148765 bend   12   13    1
        0.5173090751897 bend   12   11    1
  19 k  0.1142451784390 bend   11   13    1      val=   4.23946
        0.6127423761989 bend    2   13    1
       -0.5700325528114 bend    2   11    1
        0.3843528232195 bend   12   13    1
       -0.3725998062695 bend   12   11    1
  20 k -0.7264284370351 bend   11   13    1      val=  16.73278
        0.1056990736261 bend    2   13    1
       -0.0029667452716 bend    2   11    1
        0.4943413941852 bend   12   13    1
        0.4655611840766 bend   12   11    1
  21 k -0.0569031627269 bend   11   13    1      val=  11.73130
        0.4879762221536 bend    2   13    1
       -0.2613780229957 bend    2   11    1
       -0.6621646782312 bend   12   13    1
        0.5018572552850 bend   12   11    1
  22 k  1.0000000000000 stre    1    2           val=   2.67169
  23 k  1.0000000000000 stre    2    3           val=   2.63288
  24 k  1.0000000000000 stre    3    4           val=   2.63288
  25 k  1.0000000000000 stre    4    5           val=   2.67167
  26 k  1.0000000000000 stre    5   12           val=   2.68348
  27 k  1.0000000000000 stre   12    1           val=   2.68342
  28 k -0.5000000000000 bend    1    3    2      val=  -3.95810
       -0.5000000000000 bend    2    4    3
        1.0000000000000 bend    3    5    4
       -0.5000000000000 bend    4   12    5
       -0.5000000000000 bend    5    1   12
        1.0000000000000 bend   12    2    1
  29 k  0.8660254037844 bend    1    3    2      val=  -7.91655
       -0.8660254037844 bend    2    4    3
        0.8660254037844 bend    4   12    5
       -0.8660254037844 bend    5    1   12
  30 k -1.0000000000000 bend    1    3    2      val= -10.46229
        1.0000000000000 bend    2    4    3
       -1.0000000000000 bend    3    5    4
        1.0000000000000 bend    4   12    5
       -1.0000000000000 bend    5    1   12
        1.0000000000000 bend   12    2    1
  31 k -0.5000000000000 tors    2    3    4    5 val= -17.00080
       -0.5000000000000 tors    3    4    5   12
        1.0000000000000 tors    4    5   12    1
       -0.5000000000000 tors    5   12    1    2
       -0.5000000000000 tors   12    1    2    3
        1.0000000000000 tors    1    2    3    4
  32 k  0.8660254037844 tors    2    3    4    5 val=  11.33337
       -0.8660254037844 tors    3    4    5   12
        0.8660254037844 tors    5   12    1    2
       -0.8660254037844 tors   12    1    2    3
  33 k -1.0000000000000 tors    2    3    4    5 val=  35.49682
        1.0000000000000 tors    3    4    5   12
       -1.0000000000000 tors    4    5   12    1
        1.0000000000000 tors    5   12    1    2
       -1.0000000000000 tors   12    1    2    3
        1.0000000000000 tors    1    2    3    4
        33 non zero eigenvalues  of BmBt
           1           9.109676939    1    0
         1
           2           4.890735702    2    0
         2
           3           4.547142156    3    0
         3
           4           4.285406873    4    0
         4
           5           4.044085849    5    0
         5
           6           3.624087202    6    0
         6
           7           3.338632493    7    0
         7
           8           3.326953325    8    0
         8
           9           2.710433146    9    0
         9
          10           2.222401399   10    0
        10
          11           2.186409112   11    0
        11
          12           1.830748658   12    0
        12
          13           1.759814843   13    0
        13
          14           1.632398860   14    0
        14
          15           1.382346571   15    0
        15
          16           0.998806426   16    0
        16
          17           0.977179818   17    0
        17
          18           0.843441923   18    0
        18
          19           0.761669160   19    0
        19
          20           0.670662401   20    0
        20
          21           0.494023212   21    0
        21
          22           0.484444983   22    0
        22
          23           0.382499387   23    0
        23
          24           0.349322477   24    0
        24
          25           0.331088489   25    0
        25
          26           0.296808747   26    0
        26
          27           0.256402839   27    0
        27
          28           0.249017917   28    0
        28
          29           0.209435094   29    0
        29
          30           0.165933159   30    0
        30
          31           0.130260332   31    0
        31
          32           0.103857463   32    0
        32
          33           0.083832368   33    0
        33
$user-defined bonds
$end
