$coord
   -2.18037930000000     -1.02890180000000      0.00734993000000      c
   -0.36768030000000      1.17021420000000      0.00985193000000      c
    4.09834070000000     -0.89414780000000      0.01175866000000      n
   -1.81207930000000     -2.29745580000000     -1.57319855000000      h
   -2.04263930000000     -2.12158580000000      1.74792145000000      h
   -4.13383930000000     -0.37825280000000     -0.16279555000000      h
   -0.33355530000000      2.29350420000000     -1.70833855000000      h
   -0.37784930000000      2.33246420000000      1.70199145000000      h
    2.02140070000000      0.16210520000000     -0.04795105000000      h
    5.12828070000000      0.76205620000000      0.01341028000000      h
$redundant
     number_of_atoms            10
     degrees_of_freedom         24
     internal_coordinates       24
     frozen_coordinates          0
# definitions of redundant internals
   1 k  1.0000000000000 stre    3    9           val=   2.33086
   2 k  1.0000000000000 stre    9    2           val=   2.59371
   3 k  1.0000000000000 linc    2    3    9   10 val=  -3.98804
   4 k  1.0000000000000 linp    2    3    9   10 val=   2.87408
   5 k  1.0000000000000 tors    5    1    2    9 val=  66.33406
        1.0000000000000 tors    4    1    2    9
        1.0000000000000 tors    6    1    2    9
   6 k  1.0000000000000 stre    1    5           val=   2.05974
   7 k  1.0000000000000 stre    1    4           val=   2.05986
   8 k  1.0000000000000 stre    1    6           val=   2.06599
   9 k  0.4333260430775 bend    4    5    1      val=   1.54445
        0.4152240950617 bend    6    5    1
        0.4127789866300 bend    6    4    1
       -0.3944824492454 bend    2    5    1
       -0.3944595253535 bend    2    4    1
       -0.3977641003948 bend    2    6    1
  10 k -0.6745896040740 bend    4    5    1      val=   0.28301
        0.3911626331630 bend    6    5    1
        0.3068272125980 bend    6    4    1
       -0.1982618927496 bend    2    5    1
       -0.2540285734113 bend    2    4    1
        0.4403855445807 bend    2    6    1
  11 k -0.0505644478980 bend    4    5    1      val=   0.12402
       -0.5980589266515 bend    6    5    1
        0.6535058404505 bend    6    4    1
       -0.3388897461375 bend    2    5    1
        0.3117559929198 bend    2    4    1
        0.0257063066136 bend    2    6    1
  12 k  0.4415950495681 bend    4    5    1      val=   0.16056
       -0.2584766281715 bend    6    5    1
       -0.1894726258199 bend    6    4    1
       -0.2835923598396 bend    2    5    1
       -0.3917594207002 bend    2    4    1
        0.6843856359424 bend    2    6    1
  13 k  0.0346577320334 bend    4    5    1      val=  -0.05570
        0.3066600140332 bend    6    5    1
       -0.3427273722227 bend    6    4    1
       -0.6568819425132 bend    2    5    1
        0.5928578708652 bend    2    4    1
        0.0657425606896 bend    2    6    1
  14 k  1.0000000000000 stre    2    8           val=   2.05287
  15 k  1.0000000000000 stre    2    7           val=   2.05308
  16 k  0.5624425250959 bend    7    8    2      val=   4.32956
       -0.5045456507605 bend    1    8    2
       -0.4956506043944 bend    1    7    2
        0.3077597946266 bend    9    8    2
        0.2978363299485 bend    9    7    2
  17 k  0.0122720059071 bend    7    8    2      val=   0.08725
       -0.6702584998783 bend    1    8    2
        0.6819522122172 bend    1    7    2
       -0.2149334603729 bend    9    8    2
        0.1983626201587 bend    9    7    2
  18 k -0.6695395716249 bend    7    8    2      val=   9.44998
       -0.0728908176399 bend    1    8    2
       -0.0483573909977 bend    1    7    2
        0.5191883352567 bend    9    8    2
        0.5239358033208 bend    9    7    2
  19 k  0.0039793310494 bend    7    8    2      val=  -1.24001
        0.2026728982613 bend    1    8    2
       -0.2105973542911 bend    1    7    2
       -0.6723365244444 bend    9    8    2
        0.6800883865340 bend    9    7    2
  20 k  1.0000000000000 tors   10    3    2    1 val= 179.99996
  21 k  1.0000000000000 stre    3   10           val=   1.95033
  22 k  1.0000000000000 bend    9   10    3      val=  94.91962
  23 k  1.0000000000000 stre    2    1           val=   2.84991
  24 k  1.0000000000000 bend    9    1    2      val= 106.61478
        24 non zero eigenvalues  of BmBt
           1           5.010170758    1    0
         1
           2           4.127696633    2    0
         2
           3           3.590234411    3    0
         3
           4           3.024164707    4    0
         4
           5           3.015042113    5    0
         5
           6           2.594930804    6    0
         6
           7           2.288525926    7    0
         7
           8           1.888875020    8    0
         8
           9           1.357832492    9    0
         9
          10           0.995554797   10    0
        10
          11           0.882975620   11    0
        11
          12           0.834817714   12    0
        12
          13           0.709484919   13    0
        13
          14           0.689778388   14    0
        14
          15           0.590147421   15    0
        15
          16           0.561585284   16    0
        16
          17           0.492072729   17    0
        17
          18           0.381280418   18    0
        18
          19           0.295984522   19    0
        19
          20           0.275605466   20    0
        20
          21           0.200768712   21    0
        21
          22           0.189441810   22    0
        22
          23           0.154272672   23    0
        23
          24           0.046206321   24    0
        24
$user-defined bonds
$end
