$coord
   -0.02783800000000     -0.83483642857143     -0.09729082857143      c
    2.42964800000000      0.01385857142857     -0.39600352857143      o
    2.92585800000000      0.93275157142857      1.08171147142857      h
   -0.44929200000000     -1.65679842857143      1.74260147142857      h
   -0.53866200000000     -2.05011842857143     -1.66601852857143      h
   -1.61591200000000      1.07058157142857     -0.27323152857143      h
   -2.72380200000000      2.52456157142857     -0.39176852857143      h
$redundant
     number_of_atoms             7
     degrees_of_freedom         15
     internal_coordinates       15
     frozen_coordinates          0
# definitions of redundant internals
   1 k  1.0000000000000 stre    7    6           val=   1.83181
   2 k  1.0000000000000 linc    7    1    6    4 val=  -0.67433
   3 k  1.0000000000000 linp    7    1    6    4 val=  -2.42847
   4 k  1.0000000000000 stre    2    3           val=   1.80948
   5 k  1.0000000000000 bend    1    3    2      val= 109.20703
   6 k  1.0000000000000 tors    5    1    2    3 val=  71.35394
        1.0000000000000 tors    4    1    2    3
        1.0000000000000 tors    6    1    2    3
   7 k  1.0000000000000 stre    1    5           val=   2.04909
   8 k  1.0000000000000 stre    1    4           val=   2.05875
   9 k  1.0000000000000 stre    1    6           val=   2.48667
  10 k  0.6098178579618 bend    4    5    1      val=   2.36187
        0.2979817148800 bend    6    5    1
        0.3189241172524 bend    6    4    1
       -0.3991360004290 bend    2    5    1
       -0.4071564369975 bend    2    4    1
       -0.3354557707298 bend    2    6    1
  11 k -0.1093857639824 bend    4    5    1      val=   1.57635
        0.5523724698091 bend    6    5    1
       -0.3547550791009 bend    6    4    1
        0.4861089403846 bend    2    5    1
       -0.5632030048174 bend    2    4    1
        0.0597387355899 bend    2    6    1
  12 k -0.5908407591271 bend    4    5    1      val=   3.66567
        0.3688011798057 bend    6    5    1
        0.5251678092307 bend    6    4    1
       -0.3501508847691 bend    2    5    1
       -0.1227768662477 bend    2    4    1
        0.3184522857285 bend    2    6    1
  13 k  0.0954006848832 bend    4    5    1      val=   2.89169
        0.4643679390977 bend    6    5    1
       -0.5802176077523 bend    6    4    1
       -0.5111170014012 bend    2    5    1
        0.3803991888833 bend    2    4    1
        0.1807332899376 bend    2    6    1
  14 k  0.2851085112635 bend    4    5    1      val=   3.59664
       -0.3508409475528 bend    6    5    1
       -0.1048410177494 bend    6    4    1
       -0.1634510814722 bend    2    5    1
       -0.3920584725512 bend    2    4    1
        0.7773069055329 bend    2    6    1
  15 k  1.0000000000000 stre    1    2           val=   2.61701
        15 non zero eigenvalues  of BmBt
           1           3.844631167    1    0
         1
           2           3.744716052    2    0
         2
           3           3.541397225    3    0
         3
           4           2.813099010    4    0
         4
           5           2.184729319    5    0
         5
           6           1.836032417    6    0
         6
           7           1.417022689    7    0
         7
           8           1.353902883    8    0
         8
           9           1.029660524    9    0
         9
          10           0.799370785   10    0
        10
          11           0.491627115   11    0
        11
          12           0.377263796   12    0
        12
          13           0.308684011   13    0
        13
          14           0.288718144   14    0
        14
          15           0.127504116   15    0
        15
$user-defined bonds
$end
