$coord
   -1.61723557142857      0.17430391428571     -0.00007322295714      c
    3.29660442857143      0.44073301428571      0.00001181474286      n
   -2.04636557142857     -0.77397198571429      1.76320346884286      h
   -2.03360557142857     -0.92222098571429     -1.67836653115714      h
   -2.22319557142857      2.12814901428571     -0.08653393115714      h
    1.00665342857143      0.43512801428571      0.00187508884286      h
    3.61714442857143     -1.48212098571429     -0.00011668715714      h
$redundant
     number_of_atoms             7
     degrees_of_freedom         15
     internal_coordinates       15
     frozen_coordinates          0
# definitions of redundant internals
   1 k  1.0000000000000 stre    2    6           val=   2.28996
   2 k  1.0000000000000 stre    6    1           val=   2.63682
   3 k  1.0000000000000 linc    1    2    6    7 val=   5.53660
   4 k  1.0000000000000 linp    1    2    6    7 val=   0.08412
   5 k  1.0000000000000 tors    5    1    2    7 val=  62.47926
        1.0000000000000 tors    4    1    2    7
        1.0000000000000 tors    3    1    2    7
   6 k  1.0000000000000 stre    1    5           val=   2.04748
   7 k  1.0000000000000 stre    1    4           val=   2.04753
   8 k  1.0000000000000 stre    1    3           val=   2.04757
   9 k -0.4233296802483 bend    4    5    1      val=   1.13015
       -0.3993538064720 bend    3    5    1
        0.7759835755515 bend    3    4    1
       -0.1733049048649 bend    6    5    1
        0.1177062907895 bend    6    4    1
        0.1235663732973 bend    6    3    1
  10 k  0.6789661508881 bend    4    5    1      val=   0.21519
       -0.6988100109611 bend    3    5    1
        0.0103657919954 bend    3    4    1
        0.0014160253574 bend    6    5    1
        0.1650400029906 bend    6    4    1
       -0.1527150194646 bend    6    3    1
  11 k -0.3359367014679 bend    4    5    1      val=   9.49457
       -0.3238846395289 bend    3    5    1
       -0.3861195207514 bend    3    4    1
        0.4701024098953 bend    6    5    1
        0.4523767510794 bend    6    4    1
        0.4555392275889 bend    6    3    1
  12 k  0.0913011152020 bend    4    5    1      val=   1.37744
        0.1039683307438 bend    3    5    1
       -0.1965268506727 bend    3    4    1
       -0.7909269944604 bend    6    5    1
        0.4250174621875 bend    6    4    1
        0.3688177541814 bend    6    3    1
  13 k -0.1629190110976 bend    4    5    1      val=   0.00147
        0.1546530507753 bend    3    5    1
        0.0081154796611 bend    3    4    1
        0.0323518817218 bend    6    5    1
        0.6724322710216 bend    6    4    1
       -0.7044587747602 bend    6    3    1
  14 k  1.0000000000000 stre    2    7           val=   1.94939
  15 k  1.0000000000000 bend    6    7    2      val=  99.32395
        15 non zero eigenvalues  of BmBt
           1           3.648718905    1    0
         1
           2           3.602938969    2    0
         2
           3           3.434426223    3    0
         3
           4           2.378303518    4    0
         4
           5           2.090142438    5    0
         5
           6           2.009153552    6    0
         6
           7           1.158392753    7    0
         7
           8           0.925649509    8    0
         8
           9           0.922317901    9    0
         9
          10           0.765551247   10    0
        10
          11           0.761217226   11    0
        11
          12           0.550356623   12    0
        12
          13           0.272962703   13    0
        13
          14           0.212809217   14    0
        14
          15           0.128764230   15    0
        15
$user-defined bonds
$end
