$coord
   -0.02861935333333     -5.30357333333333      0.00000000000000      h
    0.00566220666667     -2.20547333333333      0.00000000000000      cl
    0.00566220666667      1.47437666666667      0.00000000000000      c
   -1.96731635333333      2.01195666666667      0.00000000000000      h
    0.99230564666667      2.01135666666667      1.70885000000000      h
    0.99230564666667      2.01135666666667     -1.70885000000000      h
$redundant
     number_of_atoms             6
     degrees_of_freedom          8
     internal_coordinates        8
     frozen_coordinates          0
# definitions of redundant internals
   1 k  1.0000000000000 stre    1    2           val=   3.09829
   2 k  1.0000000000000 stre    3    4           val=   2.04491
   3 k  1.0000000000000 stre    3    2           val=   3.67985
   4 k  1.0000000000000 stre    3    6           val=   2.04499
   5 k -0.3742970458276 bend    5    4    3      val=   6.20147
       -0.3742970458276 bend    6    4    3
       -0.3561060729703 bend    6    5    3
        0.4403526036020 bend    2    4    3
        0.4466998389657 bend    2    5    3
        0.4466998389657 bend    2    6    3
   6 k  0.3788866800199 bend    5    4    3      val=   0.10827
        0.3788866800213 bend    6    4    3
       -0.7752267875768 bend    6    5    3
        0.2799422506851 bend    2    4    3
       -0.1295097129771 bend    2    5    3
       -0.1295097129766 bend    2    6    3
   7 k -0.1364656706938 bend    5    4    3      val=   0.01184
       -0.1364656706923 bend    6    4    3
        0.2730354744010 bend    6    5    3
        0.7694718722906 bend    2    4    3
       -0.3847849457253 bend    2    5    3
       -0.3847849457295 bend    2    6    3
   8 k  1.0000000000000 linp    1    3    2    5 val=   0.00000
         8 non zero eigenvalues  of BmBt
           1           3.486122146    1    0
         1
           2           3.352262059    2    0
         2
           3           1.946060587    3    0
         3
           4           0.913908764    4    0
         4
           5           0.853649563    5    0
         5
           6           0.752970846    6    0
         6
           7           0.390176950    7    0
         7
           8           0.248420063    8    0
         8
$user-defined bonds
$end
